4112
 196651
 407281
 262588
 997725
 915400
 859183
 889447
 440011
 387132
 959767
 327976
 845637
 392670
 501007
 808563
 858264
 962170
 516503
 20394
 104306
 67547
 820356
 876267
 0
 953166
 940262
 750380
 382451
 653495
 405201
 382837
 981900
 93137
 863082
 695025
 760245
 64516
 895991
 537510
 688466
 292048
 608059
 225933
 486146
 173836
 465739
 817802
 890961
 72758
 253161
 963895
 451539
 955025
 372378
 615384
 483627
 130441
 741085
 346382
 819027
 817929
 387407
 865521
 420539
 906244
 900141
 11529
 27783
 748242
 962211
 80534
 188385
 317996
 676898
 519896
 718381
 769665
 946606
 502075
 540540
 166398
 757503
 715146
 877690
 760561
 433880
 711342
 153870
 804718
 483906
 231361
 117058
 406954
 837702
 469515
 643257
 5224
 511112
 961647
 307841
 600078
 216417
 12738
 873053
 318925
 631111
 103080
 122439
 16519
 963000
 66781
 520520
 177803
 141442
 433413
 348069
 468249
 35631
 534027
 6526
 844404
 981903
 798697
 847596
 893155
 76288
 624926
 321947
 312554
 223066
 370531
 328104
 331052
 417739
 636581
 506697
 227151
 848855
 244444
 962470
 856170
 744910
 592534
 696614
 106232
 196083
 311434
 330115
 573498
 629773
 891534
 273131
 283726
 272705
 443401
 331338
 81133
 172717
 133012
 959863
 69315
 290997
 209066
 432842
 848711
 602559
 648669
 551867
 814657
 461480
 307528
 414255
 126352
 412112
 768610
 793120
 794120
 913155
 878030
 24878
 216405
 80578
 450690
 258911
 168560
 922077
 614806
 122203
 173549
 461209
 741186
 948783
 780454
 461950
 747249
 831576
 486877
 300891
 288961
 178316
 19808
 298175
 517914
 353674
 477153
 980379
 182869
 780879
 634039
 321744
 749035
 12052
 921958
 119063
 549265
 695146
 94141
 312600
 904862
 298558
 382723
 340713
 305164
 806213
 377977
 860115
 295842
 217814
 595021
 192870
 619115
 637814
 637580
 324714
 499397
 912570
 192627
 921810
 221431
 92575
 134775
 796308
 63464
 280225
 378962
 378157
 974193
 316846
 120426
 933042
 639209
 233248
 201279
 289896
 428711
 620790
 744671
 880000
 530384
 84254
 928360
 160887
 862433
 830437
 847690
 697538
 325805
 580830
 333183
 980134
 206927
 819314
 437365
 546619
 259895
 144676
 355643
 214152
 891960
 579406
 408099
 306910
 321533
 232250
 792792
 207398
 467094
 427852
 33627
 697095
 542399
 695108
 578292
 271846
 869987
 425277
 118516
 771080
 151420
 834477
 491525
 544960
 809347
 531902
 55668
 442530
 867958
 903546
 354283
 616941
 265218
 62467
 597180
 743308
 132854
 276933
 604362
 426681
 438029
 524794
 999213
 582582
 159153
 327915
 488004
 169737
 555819
 694625
 806222
 711367
 635201
 145816
 81862
 808728
 121890
 61550
 654842
 881952
 468705
 974589
 632679
 254160
 550995
 996595
 493420
 104612
 169181
 388653
 673127
 471337
 148339
 77155
 662614
 108112
 24764
 704533
 896108
 772364
 978661
 13847
 386074
 216131
 570749
 20023
 271246
 877106
 749832
 200389
 609865
 963060
 208813
 550133
 603606
 700503
 600311
 967302
 727674
 52374
 637200
 24790
 120941
 210115
 855908
 663046
 339683
 253430
 32716
 164037
 129692
 169052
 404774
 463486
 942622
 430733
 177238
 831355
 706034
 955665
 680755
 948605
 367387
 849886
 354408
 652786
 117732
 987716
 149693
 732807
 601180
 829519
 648227
 104471
 301535
 652973
 643137
 876799
 432766
 875101
 108179
 565289
 385561
 205567
 442475
 647819
 45575
 734214
 949629
 218897
 647740
 327812
 201297
 477086
 706249
 145159
 546391
 644076
 834550
 809933
 158990
 652218
 62908
 699168
 845520
 279575
 390616
 250849
 693851
 395371
 474655
 577660
 437007
 651883
 926013
 745906
 831464
 96742
 694423
 48665
 115977
 918823
 767787
 12203
 822727
 255142
 967903
 748552
 405093
 815775
 619827
 573109
 54775
 582650
 376456
 158644
 338033
 194545
 765600
 933560
 77624
 205557
 548554
 762036
 213087
 519987
 157804
 554712
 747732
 967384
 887528
 586183
 185023
 693844
 966666
 204820
 714594
 328717
 501112
 101761
 420564
 514285
 578221
 324167
 975132
 124405
 18416
 598158
 899262
 232478
 581094
 434677
 256153
 614356
 971428
 685359
 610767
 360655
 609508
 917723
 321329
 610687
 21370
 624338
 766100
 719590
 764786
 487166
 402820
 912775
 129643
 86027
 82152
 780864
 277658
 730951
 916444
 877667
 953335
 283512
 221005
 655146
 431852
 882578
 777763
 556845
 242767
 157107
 292414
 160952
 477876
 356179
 537979
 801703
 624864
 433826
 952909
 600839
 658157
 193098
 566447
 399028
 419392
 549027
 883833
 93117
 232808
 467040
 300497
 497240
 118814
 251267
 997439
 386424
 966728
 157940
 750028
 815759
 392255
 279115
 954868
 657826
 989736
 644877
 739619
 109181
 529881
 22675
 307290
 165833
 299725
 206465
 517788
 358286
 644805
 384341
 465624
 519836
 251450
 668778
 544042
 986710
 315301
 5441
 636190
 878276
 36598
 777410
 385672
 831865
 773818
 231983
 337442
 248080
 809061
 593848
 282075
 33190
 352073
 148804
 348027
 339102
 140806
 576027
 467830
 849415
 224006
 457080
 179357
 929255
 844133
 756927
 335742
 703261
 879699
 543307
 134651
 855855
 381113
 884771
 512667
 96827
 29395
 116559
 966741
 299259
 34558
 695050
 42336
 614569
 298095
 248516
 101723
 629223
 244927
 675682
 102764
 740784
 571678
 433161
 451076
 879280
 928620
 393961
 916007
 843342
 533771
 496950
 630929
 964650
 199372
 27330
 547534
 182513
 199990
 13726
 571563
 266406
 698850
 299656
 263074
 703202
 536362
 863143
 68647
 699355
 647990
 609113
 740432
 288770
 287417
 573770
 485640
 863309
 695739
 895832
 452100
 427392
 958158
 176961
 357577
 770058
 708424
 115860
 880713
 633480
 117291
 316748
 733284
 565827
 719205
 717253
 75104
 192619
 715325
 389221
 765551
 724564
 62146
 66727
 318535
 23422
 672401
 953894
 59708
 600924
 13579
 733067
 503996
 762135
 556582
 892268
 62176
 632075
 535147
 426215
 563554
 37773
 894736
 287166
 849441
 710439
 392156
 976987
 722413
 349346
 124604
 344401
 38175
 861520
 99816
 109475
 848333
 527436
 12887
 636682
 405459
 978106
 714555
 712687
 193722
 189985
 816986
 669071
 726407
 108635
 774317
 566929
 487168
 356744
 384918
 106444
 136147
 354892
 135326
 363920
 304813
 991325
 172201
 894085
 337760
 321020
 842105
 536352
 760253
 747368
 679818
 644869
 415704
 245695
 44814
 699089
 340860
 547498
 656166
 121807
 247979
 795943
 149464
 267946
 565103
 692077
 328663
 752024
 175672
 970578
 143494
 985728
 22576
 1677
 642592
 305997
 576968
 252420
 989187
 336633
 645097
 553527
 545036
 863190
 112981
 644320
 957769
 211864
 582278
 639366
 349021
 964532
 278051
 125017
 269472
 797062
 856272
 870226
 419082
 607043
 195876
 430381
 916041
 301793
 66026
 536704
 158801
 112337
 945303
 246184
 79456
 687404
 592731
 255836
 769497
 585787
 236114
 345030
 425275
 662529
 862177
 957280
 655998
 89362
 997631
 232816
 290362
 101803
 89262
 686047
 725838
 337550
 263422
 524559
 684332
 907149
 122771
 539743
 384846
 389501
 657487
 492236
 269565
 68595
 775000
 931847
 837310
 977791
 270888
 932678
 51971
 70284
 900882
 327033
 276398
 706772
 267442
 473803
 403953
 560044
 277336
 268512
 663511
 228770
 449297
 405797
 632633
 287015
 868952
 954530
 467962
 770673
 170489
 842498
 565580
 303244
 652173
 157673
 568675
 913985
 789979
 418060
 302852
 849664
 947542
 375354
 775815
 321017
 80481
 561932
 904397
 279980
 982463
 90859
 13615
 21276
 571085
 777315
 157828
 190499
 942596
 369018
 313730
 843698
 330852
 714733
 150537
 517257
 963596
 673229
 555997
 610950
 891357
 836770
 919782
 724286
 325083
 89895
 128712
 252229
 428770
 613230
 366366
 116773
 453280
 843061
 122608
 557414
 333227
 58207
 330153
 556097
 402414
 434505
 967917
 898369
 804270
 549054
 384761
 715319
 72001
 958829
 667971
 130589
 325452
 759460
 448638
 650659
 738100
 215629
 443701
 270936
 877862
 103375
 934262
 903659
 507389
 314941
 641686
 50184
 175848
 848960
 90480
 914621
 407511
 744012
 45824
 23504
 547662
 17304
 33290
 744292
 8184
 139450
 278969
 707620
 765198
 483283
 994409
 55830
 385497
 435897
 956204
 381872
 894472
 449402
 485310
 740307
 345760
 572517
 984757
 604679
 443375
 388284
 121679
 607190
 282784
 208611
 865695
 592049
 589052
 896153
 211795
 686412
 169079
 655384
 22355
 568599
 331217
 710684
 503977
 780279
 512857
 312154
 998425
 257370
 502506
 607294
 900601
 174358
 308357
 653441
 336881
 563698
 62717
 35255
 866359
 271205
 859649
 517356
 405318
 453049
 81364
 18350
 614091
 488243
 711919
 76595
 728266
 691681
 151746
 184675
 179104
 402998
 293333
 82884
 40575
 54286
 765705
 36186
 676614
 103231
 908444
 762580
 951020
 100111
 509822
 971370
 747700
 752130
 288398
 590763
 257397
 944312
 965568
 459137
 579836
 859383
 281145
 178361
 496355
 832873
 58412
 416909
 95541
 242352
 859500
 860465
 738154
 543667
 485283
 787497
 157760
 28589
 267219
 490861
 927295
 459396
 972206
 606821
 463728
 158795
 226903
 383838
 143217
 312759
 374594
 322177
 600303
 880382
 753174
 880958
 873837
 879696
 676795
 585903
 784975
 345296
 400809
 900649
 281079
 599419
 859178
 307938
 672729
 769822
 340229
 745084
 381804
 162342
 963636
 171695
 93390
 385765
 431737
 68654
 764255
 87459
 251212
 43290
 867264
 467269
 733620
 276238
 101516
 756254
 884475
 183020
 679870
 263003
 903777
 732527
 933013
 241365
 541627
 899197
 25002
 899769
 11676
 942310
 904645
 692607
 579897
 619
 512050
 421052
 896468
 973519
 610060
 281477
 775878
 798636
 205848
 433497
 361294
 721344
 80309
 829602
 165690
 538104
 96798
 127092
 821104
 229325
 290219
 340127
 221719
 7664
 435698
 169955
 848095
 270910
 699029
 942267
 513927
 650294
 603212
 427455
 863864
 535687
 848667
 316980
 742983
 474357
 581962
 279537
 364878
 798901
 605193
 496154
 785865
 23041
 722668
 76213
 183634
 757396
 375532
 446686
 990830
 75002
 278117
 33191
 482573
 287344
 884143
 931034
 168772
 194738
 179306
 266224
 968177
 267001
 608769
 934860
 840204
 800659
 810358
 475930
 834406
 584780
 473048
 558987
 717845
 687074
 482169
 425049
 785890
 968969
 434523
 476613
 489010
 751640
 351165
 591918
 326650
 882872
 398797
 557457
 724417
 290738
 373359
 558356
 313605
 955931
 832839
 617592
 951488
 339594
 94502
 983870
 316317
 539376
 841891
 14879
 425678
 37199
 886506
 748483
 713564
 758725
 357855
 48156
 569586
 876269
 156153
 114209
 101077
 33280
 739638
 32713
 292430
 885834
 506951
 951368
 676678
 808927
 981082
 776754
 556163
 196731
 857666
 134948
 310756
 1045
 943676
 228253
 616330
 963104
 427510
 906624
 775197
 653316
 946560
 830601
 356404
 754844
 238905
 551152
 348993
 651388
 919483
 575551
 598105
 619857
 534292
 496115
 483840
 611964
 541215
 919287
 381082
 221114
 277373
 990453
 649527
 266449
 702191
 881676
 768572
 562264
 82801
 819571
 825536
 851513
 82045
 139678
 296212
 857799
 935454
 34115
 767867
 452734
 556780
 30866
 329947
 250688
 382752
 7743
 421759
 477255
 954272
 798119
 859926
 732871
 839588
 795936
 131307
 61051
 897738
 558632
 538575
 842319
 60597
 122193
 572555
 989434
 919415
 590320
 972972
 54408
 338885
 688699
 742294
 256670
 865788
 526404
 781516
 366966
 839716
 404633
 221924
 335773
 945720
 744860
 762073
 265759
 179011
 300057
 831122
 842811
 77450
 434296
 255805
 713985
 295328
 355669
 998254
 317372
 778668
 212454
 374617
 100573
 378206
 92463
 159944
 60910
 630890
 559782
 699861
 289032
 530555
 830899
 390575
 650311
 852746
 77463
 753653
 692280
 842630
 812328
 681018
 592059
 966969
 892061
 5399
 570327
 830943
 757305
 881390
 36036
 101248
 693655
 79367
 615791
 409313
 214910
 695945
 398416
 140322
 526633
 52081
 933557
 202134
 337358
 462162
 381486
 959356
 865606
 470112
 287807
 643237
 876698
 887054
 624429
 149939
 66459
 375085
 899637
 415322
 393451
 463100
 291592
 397356
 737514
 819255
 210666
 754388
 803152
 980933
 833306
 530804
 644479
 851623
 887364
 649438
 77999
 665318
 193416
 573190
 227357
 937565
 6147
 492978
 507818
 550023
 291571
 248477
 516468
 827636
 890270
 325976
 856336
 17973
 796018
 316216
 621617
 211937
 797979
 482103
 689655
 335383
 215158
 566704
 468112
 500000
 670163
 472701
 740836
 120418
 30339
 85196
 101839
 8603
 19369
 175949
 556489
 226130
 469862
 314953
 67246
 452190
 815377
 954953
 528491
 970540
 632978
 660746
 353241
 658823
 51978
 474685
 539286
 762045
 722126
 572954
 727272
 84769
 542207
 764176
 239891
 147597
 506591
 61212
 645619
 252402
 539811
 429746
 570590
 577455
 779806
 185837
 260545
 953064
 322741
 742633
 314524
 570443
 640675
 582843
 659259
 363789
 710568
 322953
 187500
 802286
 16248
 486909
 639083
 268331
 679671
 301780
 324912
 827780
 80097
 739137
 526296
 396360
 361631
 242978
 994093
 99156
 813596
 948279
 297581
 741777
 523195
 143521
 16858
 695366
 806730
 316301
 147710
 212011
 598478
 150524
 87816
 736226
 78777
 332319
 219644
 713610
 231957
 366567
 722762
 85838
 367253
 939364
 57102
 723309
 178627
 732159
 329367
 886290
 382733
 788942
 897085
 149534
 107415
 622124
 690140
 67349
 80872
 354573
 420568
 545716
 145387
 547082
 786758
 197149
 767244
 783298
 387069
 514933
 446500
 525988
 948096
 866206
 238300
 669356
 960424
 780770
 877551
 152586
 815493
 766863
 615153
 779986
 400775
 247240
 745827
 354571
 786011
 651428
 766292
 746903
 373588
 398466
 316416
 433524
 781609
 521337
 314280
 545283
 570155
 816980
 213602
 492134
 865319
 413266
 104174
 602620
 207833
 717800
 41240
 752653
 142664
 271844
 812341
 599150
 29239
 234126
 857819
 436593
 964712
 174713
 959123
 190683
 564802
 810970
 941975
 932246
 493281
 578216
 334469
 711657
 28833
 475194
 189573
 187134
 44216
 259980
 637451
 401072
 942056
 174757
 233222
 263862
 630469
 864678
 949960
 89865
 354586
 219894
 243271
 129585
 225456
 34822
 319745
 931659
 613740
 145107
 479946
 528034
 845227
 612898
 60390
 269079
 81333
 190888
 873986
 350401
 753660
 893312
 503338
 666666
 593252
 643188
 746491
 486007
 767777
 885452
 713698
 866882
 885169
 154302
 305352
 160972
 254237
 427271
 240360
 218070
 888146
 701300
 140050
 171351
 295099
 883689
 459119
 445293
 218867
 996983
 501815
 997562
 779047
 357898
 537058
 200573
 877245
 405757
 395735
 701298
 863989
 804745
 945337
 41269
 479678
 936401
 146419
 982164
 578909
 743613
 642541
 589405
 186046
 562500
 835277
 341790
 908180
 216793
 749045
 612094
 832321
 30034
 481312
 903646
 989532
 356357
 501466
 703029
 619520
 794405
 937587
 732001
 763877
 14796
 976396
 763994
 336266
 299309
 484187
 6516
 136435
 721625
 934075
 121801
 802365
 358851
 654503
 407701
 61871
 487087
 919947
 411911
 800575
 799649
 185462
 103850
 454587
 530969
 231731
 617967
 65671
 85072
 741636
 563409
 119201
 628276
 206084
 897799
 987935
 941985
 798581
 378395
 662112
 200858
 590515
 392289
 576200
 432543
 599983
 18726
 946269
 363321
 992892
 631090
 286407
 324357
 650499
 333544
 91366
 651817
 103309
 462133
 309971
 792980
 571034
 395099
 506819
 277158
 898261
 187855
 616247
 106239
 341107
 920734
 70381
 463588
 937882
 437255
 3880
 437866
 166179
 422623
 690256
 741952
 754093
 217661
 305965
 386834
 395029
 200997
 650000
 143029
 509247
 472346
 207817
 253581
 268347
 937528
 620825
 172640
 928145
 329363
 905748
 772590
 641379
 419622
 837184
 89124
 7827
 347910
 115530
 734178
 557556
 699975
 56524
 609893
 236455
 290668
 338721
 967850
 472727
 244746
 944663
 62796
 815707
 113232
 548428
 157542
 822973
 901735
 521821
 345213
 59592
 737120
 24324
 898587
 331797
 978273
 661866
 979424
 176344
 471920
 252068
 681804
 360914
 533788
 731683
 366894
 48746
 254038
 307872
 977508
 809105
 967357
 597122
 645837
 849449
 400271
 69691
 407791
 876379
 603111
 778189
 178247
 886355
 803966
 210198
 803053
 905671
 510103
 490873
 924433
 263507
 23880
 784745
 116590
 272073
 416071
 243332
 774494
 725132
 448085
 284855
 904605
 175503
 140149
 747584
 340314
 114498
 469147
 639033
 946312
 271575
 27798
 43673
 968602
 158010
 588859
 477047
 927253
 451362
 57954
 367542
 743382
 282538
 378039
 25310
 755868
 180845
 996673
 636767
 244183
 16941
 970991
 845263
 358738
 901042
 833835
 943503
 968688
 692983
 57890
 753424
 394202
 697012
 372307
 88615
 459192
 359172
 504800
 980252
 658076
 311536
 941748
 482037
 322444
 875937
 735989
 628370
 533541
 33947
 24565
 441947
 319101
 294246
 365879
 870243
 830188
 711934
 101920
 482073
 651151
 446042
 45197
 873240
 853976
 226461
 39301
 447129
 622068
 787023
 625336
 254054
 569063
 205325
 592938
 971756
 263072
 434256
 415397
 346029
 173716
 547669
 435756
 129065
 542176
 564044
 251659
 774647
 290763
 925561
 128595
 671376
 606693
 399892
 981823
 477675
 571674
 767527
 813003
 28632
 634378
 792038
 808318
 946828
 307237
 51682
 295526
 569593
 353093
 730040
 949603
 163594
 506997
 909073
 83141
 949356
 177056
 344259
 824492
 692204
 249219
 768359
 922493
 803843
 218148
 831730
 742857
 740541
 645022
 971882
 671015
 670407
 608708
 496623
 253023
 175003
 575663
 222592
 385354
 996038
 588731
 242410
 617391
 369869
 948830
 547987
 922704
 156178
 728518
 511124
 538250
 95104
 908164
 795994
 47169
 375134
 19689
 382
 586927
 728049
 670984
 384322
 60402
 550435
 619566
 526630
 830466
 318490
 124018
 703782
 299225
 63637
 176916
 839947
 202729
 256880
 645248
 685181
 891833
 392685
 390210
 424800
 113924
 871020
 367416
 597655
 969696
 276324
 154977
 715789
 642707
 931110
 708997
 992108
 777680
 708094
 374030
 577269
 857893
 103896
 176205
 145631
 274326
 337662
 304724
 104926
 844148
 639440
 504509
 232733
 757871
 124943
 276136
 912041
 4651
 704797
 699544
 491252
 267266
 68649
 958770
 38016
 894982
 978486
 179808
 161364
 269248
 986249
 765238
 732862
 588581
 164449
 448774
 110967
 318809
 120567
 793084
 76778
 768517
 952380
 223742
 456667
 663177
 2009
 203090
 269498
 959752
 918002
 387623
 254831
 172694
 866866
 833264
 347407
 196727
 435861
 277286
 681978
 629719
 822541
 461862
 26612
 179163
 596923
 89315
 250117
 190483
 368689
 305813
 418909
 250862
 844028
 298353
 512944
 390899
 424128
 421563
 680942
 630090
 764348
 560430
 842924
 940625
 102161
 131728
 739225
 617816
 956793
 582557
 852866
 859189
 376432
 133514
 359763
 677743
 114362
 258750
 885909
 848484
 449313
 893859
 111210
 528133
 257301
 34245
 176773
 532865
 986774
 967548
 158260
 502979
 864864
 252559
 960600
 161024
 207839
 9174
 898633
 375004
 800933
 678827
 469498
 415491
 20694
 549618
 388785
 907
 289340
 836926
 825918
 732840
 847631
 377825
 258893
 223925
 34704
 553817
 469439
 923076
 915240
 373585
 16632
 148322
 308443
 242975
 651586
 499000
 20554
 657116
 73725
 842252
 420673
 641395
 348164
 486227
 28184
 520560
 929781
 886018
 998734
 515623
 277070
 377323
 913213
 34588
 641591
 989353
 270450
 280781
 470497
 395838
 258475
 883384
 874345
 51362
 901463
 716569
 925793
 645395
 816549
 930979
 173774
 614599
 535158
 790976
 392668
 102979
 785118
 743295
 369860
 405516
 120884
 412120
 686296
 727186
 661898
 147516
 612446
 912310
 784858
 571324
 323605
 658549
 11613
 57264
 156794
 553615
 713890
 237052
 960800
 421553
 505144
 821090
 651859
 311343
 343412
 394531
 89508
 614974
 875403
 550422
 113376
 325994
 124072
 335155
 971096
 4078
 213546
 651448
 865624
 62012
 616200
 898892
 88056
 848354
 681992
 5445
 797017
 122091
 339983
 61008
 575924
 678075
 109832
 908339
 968532
 650016
 905574
 635227
 910412
 71682
 906902
 444234
 624870
 965004
 536963
 885892
 673161
 646693
 578427
 930669
 558790
 846153
 171925
 963279
 188179
 835691
 816872
 538363
 707327
 40069
 59672
 589891
 533159
 504282
 753346
 894333
 524163
 86705
 655242
 971601
 154426
 298933
 170297
 683192
 79947
 802395
 668078
 944895
 682596
 742505
 189090
 275884
 924809
 749332
 933550
 761240
 724860
 395368
 236016
 639490
 985513
 830157
 143475
 480607
 805992
 396813
 482768
 164179
 155227
 178144
 462714
 351850
 603989
 515923
 271825
 320562
 73919
 312038
 446814
 271385
 257744
 714541
 148936
 318220
 461670
 40804
 15958
 689688
 427387
 833855
 663730
 639721
 954630
 8797
 723404
 851489
 818033
 378954
 834166
 926397
 266537
 125309
 604828
 98621
 635307
 910169
 578504
 771541
 378991
 70811
 524848
 533333
 160070
 408755
 802943
 466998
 998431
 814584
 945398
 131254
 47809
 598309
 261368
 799885
 388285
 927296
 903206
 390345
 757238
 819405
 29660
 255131
 768799
 116428
 417221
 845827
 890308
 676399
 610410
 142637
 854509
 881444
 794520
 928746
 92912
 425218
 823131
 50855
 493254
 65313
 67224
 47071
 341446
 927493
 750997
 691937
 568524
 575243
 554036
 13644
 231292
 592465
 313892
 108540
 796897
 115771
 199318
 953213
 710523
 467643
 98418
 953143
 578071
 900133
 546727
 188217
 242239
 761280
 719535
 530927
 617366
 984205
 625326
 630766
 571815
 740726
 297958
 446287
 540190
 964992
 113292
 816761
 10679
 895015
 396766
 454221
 435294
 802666
 130850
 471895
 497693
 268414
 544600
 266950
 782653
 127387
 118957
 144980
 323375
 223791
 668057
 205190
 185819
 312464
 522412
 579993
 808640
 815478
 332597
 584324
 796359
 559778
 788961
 7383
 573909
 19964
 114991
 314892
 725066
 544139
 964404
 853954
 961123
 555155
 921543
 413905
 383032
 328267
 590840
 240526
 837045
 554303
 663832
 627562
 490419
 130818
 771836
 637131
 22247
 509531
 539156
 645254
 92248
 181438
 486252
 384961
 549248
 751475
 115911
 687313
 860560
 54150
 331493
 776488
 969029
 913762
 812179
 71333
 753132
 995910
 827663
 715005
 422274
 425689
 387345
 122006
 803395
 426786
 10989
 976843
 907654
 755712
 662661
 539317
 961470
 751966
 819982
 99378
 929995
 463358
 77134
 307588
 39814
 603450
 807353
 752546
 8726
 734457
 426178
 679699
 135285
 128847
 863452
 464700
 523765
 607957
 953235
 131025
 473163
 8476
 132975
 848192
 921998
 887310
 3576
 45782
 227285
 75571
 783609
 147234
 981981
 61864
 510884
 516516
 883362
 478334
 40859
 349523
 14895
 935498
 933121
 692287
 315869
 959941
 314156
 451233
 750324
 198037
 184221
 481121
 744505
 298323
 975851
 855153
 496306
 627587
 712664
 480021
 786046
 717181
 313242
 75091
 371561
 764872
 730883
 609172
 189549
 129041
 573166
 390237
 687196
 121149
 953984
 806435
 618439
 920081
 342629
 668845
 680384
 746450
 771757
 179421
 690904
 884073
 845087
 235011
 32950
 235294
 627091
 266570
 984746
 515188
 878325
 890201
 61302
 567251
 778643
 319717
 872949
 456665
 686243
 658620
 458467
 472560
 369730
 784197
 513016
 644970
 631522
 616049
 609753
 759178
 804761
 244725
 750896
 402745
 687349
 367465
 321885
 892008
 778196
 338216
 6373
 894368
 888582
 89357
 367141
 615931
 107263
 50815
 156876
 821772
 445823
 365008
 154633
 297024
 637723
 700454
 557957
 820761
 357444
 946665
 449708
 791025
 868936
 718760
 621773
 594657
 106082
 296548
 544495
 296460
 899501
 905501
 369624
 572068
 625235
 814485
 294922
 54561
 618608
 203260
 308650
 821238
 189650
 193057
 847502
 502590
 353543
 418031
 736956
 176160
 104588
 142214
 952053
 132277
 876762
 221143
 47868
 437125
 494206
 920758
 773337
 549743
 69939
 642163
 280585
 388238
 376281
 384090
 581723
 178327
 366096
 799655
 667656
 318007
 515937
 549834
 384782
 485477
 176307
 227479
 841679
 138184
 986146
 427886
 88527
 284285
 233100
 636842
 551966
 285154
 615734
 732362
 419582
 967623
 165058
 594860
 683288
 73181
 231792
 19768
 24385
 897217
 223383
 393087
 178649
 622385
 116890
 535239
 310021
 743022
 655703
 734680
 858954
 709011
 826725
 684613
 300759
 48539
 375056
 68219
 864022
 10239
 250545
 958202
 913357
 855138
 107461
 388367
 557498
 623785
 297625
 996268
 797227
 828194
 21342
 69147
 586587
 697911
 864066
 960006
 960744
 735269
 886857
 493944
 756018
 488711
 254570
 718158
 847756
 157604
 91050
 563438
 82404
 316797
 858194
 382252
 853552
 604511
 848608
 888638
 853607
 432396
 492783
 369258
 894809
 505492
 900771
 423355
 929098
 165610
 67920
 423041
 116170
 299913
 360308
 386301
 168190
 53026
 899538
 471769
 9570
 667851
 45333
 840168
 231735
 13651
 936710
 908392
 909460
 409900
 363023
 388122
 665480
 790868
 316738
 863140
 369565
 830376
 221066
 911802
 249183
 968983
 367759
 665401
 982249
 615259
 339432
 53267
 702818
 452025
 986645
 880067
 862893
 461709
 503605
 615402
 19232
 826517
 352704
 174879
 640803
 429754
 803187
 204600
 426617
 444476
 32454
 920319
 621885
 29371
 347955
 264531
 87649
 531558
 587423
 585540
 902439
 320805
 111062
 845845
 370212
 696352
 151783
 746880
 710883
 810719
 691396
 853400
 327819
 640695
 660487
 398552
 35179
 466974
 874675
 616376
 328264
 563445
 518534
 492091
 284595
 919256
 268364
 858945
 486421
 680735
 767249
 220231
 393886
 261582
 669605
 302788
 910367
 4355
 777991
 518458
 632937
 485097
 995389
 231479
 492129
 106970
 802393
 450939
 906077
 109767
 579761
 537128
 618855
 271604
 177959
 214117
 195172
 591615
 262650
 263157
 707184
 232175
 893701
 286452
 99943
 190126
 439263
 72589
 14942
 263418
 660695
 502345
 266522
 111568
 188687
 506825
 172523
 686275
 661
 527638
 652354
 59777
 809381
 318999
 546679
 473684
 289650
 959454
 133333
 474768
 35201
 533730
 668244
 464008
 703986
 161403
 828454
 514855
 958310
 303746
 836332
 469204
 497225
 536410
 630522
 640573
 547777
 66679
 924295
 345159
 428695
 377827
 855498
 470122
 703304
 208008
 65405
 960202
 278270
 445932
 367747
 179487
 635738
 925365
 504194
 853687
 109100
 849443
 256482
 121996
 329108
 160579
 568504
 936769
 198626
 865146
 749562
 663658
 768291
 567938
 862715
 637869
 748327
 157313
 75702
 469952
 115749
 713160
 826418
 172673
 931671
 411077
 142027
 170454
 943020
 955537
 441932
 201271
 137570
 562250
 669986
 124246
 459035
 782482
 657134
 791516
 877044
 107952
 788592
 16012
 449104
 25073
 801176
 729045
 55066
 99032
 146092
 385876
 786709
 324907
 160170
 2860
 670611
 244042
 46849
 918166
 236736
 970114
 12684
 17467
 619329
 23933
 444551
 856447
 977882
 796239
 50808
 969788
 515273
 938252
 962874
 191069
 201052
 386466
 621911
 176216
 83259
 850738
 462919
 1091
 738588
 693098
 229713
 615528
 392909
 935849
 844964
 687792
 138105
 661534
 256372
 717311
 995118
 369127
 717515
 313703
 375999
 656926
 885474
 64844
 972507
 210726
 974891
 489120
 971014
 786379
 274319
 643935
 425165
 269931
 994860
 216441
 257330
 695915
 145003
 430379
 371788
 234352
 421472
 463016
 266851
 140897
 794148
 885875
 194191
 612903
 361135
 688951
 259305
 886133
 653170
 714383
 929961
 374074
 54852
 989572
 693360
 310810
 20653
 527900
 74820
 6474
 961395
 584156
 479780
 176564
 613742
 177570
 458544
 609972
 337076
 845210
 71348
 481081
 345388
 910748
 47119
 276819
 103519
 169932
 906225
 291893
 413303
 658801
 436944
 990571
 447921
 964412
 814933
 409261
 493445
 85361
 749226
 52662
 573844
 795577
 333398
 20873
 262518
 583913
 326177
 910138
 327184
 803551
 320360
 836004
 149659
 856488
 508564
 946212
 18255
 505212
 965722
 929320
 484136
 166632
 34013
 873858
 709888
 675675
 20200
 60354
 617419
 121506
 191325
 363945
 909818
 59631
 468414
 183901
 323428
 230288
 197825
 703255
 136036
 895424
 541988
 433431
 534423
 624033
 685958
 346977
 545294
 608870
 590141
 568474
 250950
 205649
 526561
 888635
 299729
 390243
 427420
 788235
 93275
 349409
 578996
 9646
 828138
 752371
 861417
 75906
 316912
 246575
 626016
 859367
 703046
 803448
 513638
 3410
 397460
 843673
 305305
 523268
 119423
 615823
 115313
 83187
 847068
 115035
 243761
 483763
 493865
 636223
 446847
 672238
 334790
 854077
 386576
 332455
 442789
 358130
 356304
 437533
 253501
 249322
 71797
 721274
 455629
 38202
 278850
 986426
 433734
 454904
 757673
 138511
 872299
 363574
 758011
 743486
 893988
 905552
 475083
 441572
 880027
 118599
 620285
 558817
 38790
 195771
 48360
 290938
 449083
 990654
 568227
 749416
 722217
 985615
 180438
 346158
 407642
 353021
 55396
 680014
 796565
 961082
 39618
 133210
 94539
 460570
 208480
 44800
 835170
 748928
 612240
 842482
 356878
 237096
 471665
 80000
 876299
 213867
 761043
 855697
 406377
 609060
 420030
 205188
 351620
 742195
 78664
 980774
 314875
 11906
 883792
 805194
 790582
 804456
 436805
 281595
 706880
 572831
 91954
 438094
 906286
 478880
 874396
 401226
 757672
 333033
 903406
 157222
 760505
 992914
 578161
 574941
 294841
 637238
 695545
 386344
 459610
 819040
 859348
 256035
 528830
 105362
 339945
 825213
 519086
 738686
 370370
 921402
 488752
 64350
 637735
 530788
 782937
 883703
 161229
 793282
 626063
 83972
 612644
 749249
 587257
 820033
 970439
 90513
 842364
 101458
 34045
 696885
 344954
 651706
 390498
 374252
 508028
 959888
 377099
 892609
 911690
 732121
 727541
 353612
 136396
 371007
 551933
 969023
 397235
 970838
 998078
 23905
 900666
 978787
 209169
 503678
 866507
 682778
 90625
 771167
 372913
 156433
 907849
 39898
 149998
 237648
 493823
 666767
 814386
 510055
 117947
 590233
 854635
 41522
 175398
 111053
 80115
 33428
 645794
 655143
 734353
 344860
 712988
 23026
 238893
 258273
 123261
 137687
 326878
 621848
 281227
 981826
 580196
 562372
 275807
 208527
 832312
 214755
 184661
 329769
 827225
 973466
 999403
 425814
 980079
 827439
 570994
 581595
 964700
 807247
 403184
 735548
 419029
 676688
 28080
 170077
 619630
 586918
 639880
 881973
 184540
 773307
 29116
 437773
 141475
 527934
 277927
 76553
 764705
 322172
 918251
 554925
 846238
 18253
 925737
 665349
 730840
 536340
 223446
 344086
 773446
 752137
 891134
 799999
 346869
 69100
 462766
 690033
 887827
 420714
 510155
 876002
 943903
 629033
 919424
 610267
 50760
 89258
 974914
 793388
 222698
 403204
 777906
 764678
 740089
 797874
 887003
 316550
 946232
 383591
 354748
 633663
 7750
 536120
 310698
 677881
 980353
 821730
 483912
 494382
 1545
 43987
 622027
 231054
 404162
 682605
 460558
 262192
 495094
 187980
 720163
 720428
 539568
 514512
 98328
 167843
 855403
 729957
 295059
 878238
 200723
 735642
 39886
 293570
 984849
 679897
 226804
 814702
 385826
 889401
 855421
 724388
 436993
 82445
 895104
 58911
 663124
 209883
 12569
 156473
 309257
 846197
 882666
 608062
 659128
 934881
 539375
 331368
 430350
 192652
 744168
 877401
 84186
 285436
 708439
 784696
 64037
 431982
 91079
 806922
 672225
 683599
 932542
 744425
 331577
 203028
 344870
 798985
 959608
 506079
 921000
 489336
 682419
 332916
 189951
 526096
 412115
 661157
 462466
 851377
 401849
 381433
 979401
 697903
 464163
 521239
 460765
 527100
 45642
 31012
 390259
 981174
 133237
 145388
 947915
 246253
 75340
 896503
 502881
 975001
 845042
 676444
 317422
 412949
 172236
 745412
 966861
 818110
 235523
 25641
 566852
 16375
 781907
 103710
 195676
 324607
 900333
 531037
 556880
 445955
 599475
 330089
 806545
 416445
 521941
 761904
 972144
 594021
 746989
 703637
 893617
 561872
 200901
 261171
 692577
 919377
 105025
 54893
 789473
 796161
 635478
 442900
 745116
 189300
 696076
 658856
 740896
 14764
 381058
 573002
 603174
 64396
 761613
 142234
 365767
 134357
 884048
 394293
 899926
 246482
 497657
 572498
 282374
 363024
 153190
 139132
 289452
 706783
 493599
 18147
 711537
 312802
 571142
 513394
 703690
 567741
 930550
 254636
 764630
 922055
 18867
 816710
 421987
 232676
 601577
 323993
 169801
 527469
 190015
 424705
 639032
 884377
 920419
 754882
 445137
 118644
 771838
 22838
 451810
 688282
 646061
 904637
 720366
 846767
 978939
 985084
 477380
 797111
 483544
 752075
 883807
 341128
 880497
 345812
 276487
 484891
 819096
 101312
 56603
 190696
 780614
 619281
 153685
 806963
 20894
 689923
 476731
 101323
 871760
 25358
 870660
 212121
 745327
 756610
 673882
 828832
 355792
 369218
 518723
 337193
 819917
 795633
 275706
 363564
 480968
 304165
 272081
 269890
 907611
 768787
 495830
 100504
 831674
 596107
 226930
 106224
 164976
 359404
 538157
 980561
 192659
 351659
 839170
 443333
 515050
 645333
 329086
 851378
 686553
 526027
 458058
 38280
 377598
 377666
 657151
 134282
 675252
 528138
 591542
 54200
 240784
 212109
 558602
 829682
 922928
 326173
 457681
 844990
 993189
 27802
 807500
 870353
 323463
 451817
 417269
 844948
 821063
 903576
 940170
 665412
 585492
 240121
 455397
 811241
 459283
 939838
 85555
 595941
 143871
 954801
 878891
 234933
 645403
 29120
 647386
 510750
 941296
 846769
 422890
 547959
 2341
 959119
 93247
 821735
 262773
 961240
 416639
 227210
 733822
 205855
 256410
 835443
 739124
 367819
 159999
 427847
 666824
 952181
 594168
 372065
 449625
 376978
 692840
 286604
 508945
 187128
 301706
 533764
 697669
 402298
 324939
 637430
 796833
 845547
 37387
 25267
 550006
 934329
 888946
 481972
 990886
 3829
 138291
 696684
 797494
 825327
 140584
 397788
 147812
 984092
 615170
 82612
 113772
 449394
 663841
 120578
 909225
 153846
 451001
 640567
 490970
 529144
 333076
 706692
 915502
 574798
 634098
 809369
 981034
 380614
 978514
 825053
 386669
 700199
 181794
 198736
 526195
 408167
 613419
 886605
 489177
 325719
 794918
 236158
 174088
 59393
 762711
 736208
 433749
 718344
 724782
 843731
 47458
 776634
 933535
 282502
 701642
 396761
 560716
 288536
 394076
 713236
 79820
 824192
 442181
 392110
 373506
 608951
 174899
 647855
 933300
 566801
 93484
 849314
 277620
 68736
 666701
 29065
 149044
 314271
 268472
 990818
 405068
 271849
 155555
 40014
 373441
 233555
 830965
 5627
 147009
 652731
 969043
 50948
 167595
 813258
 250189
 892213
 227834
 849421
 208173
 813004
 969493
 824663
 461831
 817782
 12291
 570569
 814652
 604020
 614510
 336574
 308534
 498412
 773634
 556754
 744360
 262032
 500230
 161470
 110784
 493479
 786189
 773109
 824015
 840317
 284009
 339548
 242682
 926937
 230664
 191398
 221527
 177946
 693856
 389500
 736650
 416766
 889902
 217030
 866907
 117759
 721581
 127279
 758878
 436450
 707420
 300526
 140727
 445319
 947612
 714781
 316953
 752755
 334081
 887492
 307982
 235197
 39832
 683944
 181340
 421580
 84671
 391304
 977125
 567529
 173192
 181722
 393034
 514167
 348560
 322696
 580845
 694924
 575560
 436435
 159690
 277287
 429910
 647905
 958292
 933305
 188190
 238745
 989511
 693539
 511027
 232138
 920306
 918022
 828991
 979149
 590163
 103422
 505605
 179634
 261135
 524126
 153017
 883706
 105879
 906839
 158972
 225978
 29892
 635382
 570145
 58216
 490854
 111255
 540279
 570402
 186221
 826968
 502321
 384382
 660216
 899439
 886986
 534757
 333333
 592026
 132495
 634037
 413449
 555476
 650321
 362845
 306666
 943913
 738972
 814169
 232951
 279458
 510428
 939278
 232298
 272329
 127326
 624812
 941796
 361355
 48379
 262680
 456879
 436555
 231293
 632963
 388628
 757596
 326530
 395732
 937266
 378668
 339312
 405339
 517894
 214068
 822999
 757623
 758067
 636144
 5017
 917225
 563326
 785795
 475763
 796796
 765156
 176060
 572885
 411409
 528354
 185214
 353537
 778162
 415134
 323793
 60203
 450408
 941235
 774454
 304589
 73205
 510415
 599575
 754778
 887113
 551242
 775247
 964049
 676841
 954323
 515499
 571122
 932838
 28916
 755027
 727563
 953832
 863207
 672687
 626623
 385292
 954605
 104695
 622315
 975627
 976370
 271317
 750677
 821385
 544315
 919474
 113483
 728338
 679808
 511821
 798679
 837883
 570981
 472731
 523846
 447602
 732627
 511111
 488231
 550421
 394449
 962044
 816132
 358295
 657311
 990698
 197923
 9907
 16730
 869983
 841931
 624242
 328295
 44580
 418437
 858837
 561579
 333665
 187878
 87994
 233713
 989608
 673875
 597856
 447549
 841193
 57922
 6744
 692938
 552060
 281985
 978262
 32233
 3899
 819647
 860326
 312559
 290984
 729013
 749299
 344991
 900732
 114105
 313346
 936880
 564273
 537089
 602225
 505159
 397328
 193841
 326083
 636147
 156762
 632525
 958674
 687329
 978470
 777777
 386191
 28974
 737222
 960104
 774193
 488330
 83554
 459938
 750230
 487976
 746524
 564681
 621732
 542087
 529965
 879359
 132004
 730556
 298044
 967621
 759496
 640801
 953870
 61623
 519999
 399118
 885601
 894855
 245730
 177222
 904628
 769230
 644536
 561603
 113480
 57197
 302033
 327741
 881553
 160923
 94115
 704169
 256273
 784741
 843094
 123326
 44218
 559613
 736462
 983693
 5712
 691394
 764818
 475037
 838396
 955331
 97040
 399957
 426582
 195627
 623342
 680723
 472185
 216309
 811320
 730645
 368581
 674890
 331179
 777103
 797968
 569310
 330560
 481815
 313868
 153609
 561201
 478143
 172194
 819304
 891021
 687945
 398082
 537817
 535341
 826708
 127280
 884238
 574318
 330775
 205023
 397662
 845509
 416731
 861853
 978312
 839442
 492151
 203465
 805827
 944137
 463373
 225734
 11080
 241796
 295119
 155648
 212959
 441305
 129198
 735678
 623998
 568412
 905439
 823764
 557903
 555650
 262556
 330751
 104828
 375137
 865054
 179194
 216639
 721518
 499586
 294596
 919654
 315002
 239718
 219363
 679662
 270601
 50072
 164238
 412167
 883240
 188033
 729729
 380952
 886811
 276161
 827605
 36645
 824149
 107970
 193312
 4975
 223543
 782192
 363058
 611214
 327149
 504036
 724698
 951660
 69003
 981334
 695026
 158982
 535613
 340086
 428290
 414742
 677470
 847280
 983504
 323196
 865874
 207737
 489589
 747764
 422243
 445500
 592434
 937746
 577851
 175376
 302688
 218485
 97575
 216839
 224798
 780201
 900376
 529342
 743953
 409221
 381977
 328738
 966371
 911877
 223458
 114897
 628175
 408554
 951989
 446999
 667421
 518233
 146055
 854532
 595618
 897616
 935510
 652997
 443470
 932168
 877212
 590804
 163185
 339111
 161993
 440822
 569287
 890931
 496062
 95947
 39869
 711672
 896759
 431456
 547684
 689498
 427820
 875433
 109632
 591825
 289545
 557475
 882480
 238628
 553697
 256818
 860908
 14432
 880189
 781701
 637915
 101230
 946174
 132405
 90474
 423944
 903654
 851594
 343558
 251608
 700481
 619359
 247175
 942862
 916885
 308970
 705023
 136818
 435707
 294139
 590062
 494399
 782144
 284650
 881852
 906250
 486842
 183346
 175097
 814176
 46825
 163009
 959716
 240799
 949234
 92923
 594725
 503604
 284848
 359808
 571646
 400534
 650246
 497827
 130557
 673679
 184971
 393385
 59988
 593507
 208638
 317228
 564483
 565775
 633942
 283931
 942184
 133481
 725564
 126440
 289632
 783481
 661231
 938289
 866654
 138628
 924840
 258443
 685599
 165144
 375886
 103638
 820799
 823648
 113121
 802414
 57550
 581769
 38326
 903586
 819715
 382672
 580697
 178848
 937928
 59383
 328671
 251660
 614585
 990270
 553752
 988990
 807374
 903923
 175755
 583092
 547920
 505795
 633012
 28852
 165758
 367226
 144467
 595633
 670182
 18083
 72987
 157894
 298843
 590660
 683868
 294174
 918346
 327001
 227604
 998670
 674837
 196182
 100463
 117142
 432278
 903318
 547169
 780030
 772906
 632643
 271875
 37267
 12906
 750844
 837443
 921020
 37353
 611268
 309730
 904780
 586812
 419633
 303594
 872884
 787003
 774053
 486137
 660079
 970392
 432744
 532934
 758024
 837672
 555087
 982683
 244778
 748847
 135853
 466770
 722204
 624295
 159692
 130088
 932066
 105284
 223007
 899016
 918388
 850966
 170488
 256170
 626475
 483480
 173033
 823306
 268207
 814130
 196312
 720803
 168771
 128646
 446480
 263566
 465730
 300589
 369508
 65306
 338668
 96424
 962105
 229872
 475873
 134016
 834398
 858157
 102408
 773363
 276012
 789618
 850468
 862213
 887989
 897215
 196617
 819912
 347372
 806191
 804884
 173659
 172701
 711111
 185748
 496892
 431219
 429635
 267577
 602813
 664440
 102555
 618609
 448660
 919540
 214695
 967703
 504887
 848756
 38892
 535548
 42764
 391450
 798246
 682697
 387124
 428736
 739746
 215331
 283042
 438981
 684040
 890960
 577184
 132887
 27580
 909667
 44152
 220567
 577797
 288544
 573099
 788286
 926509
 110503
 689264
 904132
 882390
 267398
 864502
 131429
 531088
 788043
 929217
 763675
 188364
 309410
 313380
 47101
 956011
 843790
 284707
 133772
 949892
 603200
 257943
 991450
 225888
 954241
 509849
 173207
 465867
 257545
 963360
 578403
 928186
 947596
 655299
 634585
 784461
 394945
 576783
 688620
 188997
 553191
 710258
 371681
 13621
 187605
 600716
 75197
 942784
 918424
 555492
 589272
 565132
 184364
 305576
 346362
 438407
 357866
 961966
 409116
 686898
 575221
 547039
 387299
 789255
 464239
 71647
 472274
 335954
 466837
 884741
 336296
 59822
 380524
 787500
 671173
 446543
 282087
 801884
 357496
 478645
 581665
 417298
 515247
 762719
 42559
 896256
 609991
 423144
 244675
 455216
 645093
 137490
 904566
 913576
 133559
 447847
 89887
 34424
 647200
 154560
 74219
 157413
 622079
 941335
 235413
 988179
 51315
 983493
 827238
 284287
 65382
 792928
 570083
 534246
 75834
 255884
 36633
 843276
 622341
 801152
 297599
 534907
 434221
 569829
 677103
 593840
 136019
 153440
 508692
 664143
 55499
 878411
 760534
 871521
 943357
 748452
 454935
 479483
 620763
 493033
 371196
 547926
 35906
 432251
 650629
 598422
 722394
 149157
 935835
 138632
 797141
 958080
 531169
 88054
 216167
 758614
 891639
 485781
 860195
 913739
 929674
 10078
 88323
 504539
 265509
 519313
 1417
 116917
 592055
 748373
 754420
 289406
 846562
 622441
 442434
 691066
 355195
 770314
 310209
 209049
 716181
 44585
 685652
 935489
 724202
 909812
 754676
 674183
 692913
 678335
 621584
 912483
 886425
 524648
 915480
 352507
 349151
 878853
 605766
 918497
 167213
 797541
 809925
 5899
 635964
 357274
 600305
 94045
 734930
 695269
 415255
 10934
 107367
 299127
 970839
 687728
 551646
 977883
 546067
 419933
 304370
 509934
 965547
 214473
 890950
 157158
 133182
 587654
 818390
 848660
 324986
 508431
 474005
 900157
 740639
 185892
 655642
 144981
 23733
 545063
 892696
 143071
 414335
 6209
 879106
 786559
 119514
 847952
 125963
 75647
 320509
 462864
 63093
 998507
 369465
 561578
 142672
 769066
 714285
 325895
 555967
 403916
 885277
 831387
 27397
 81972
 448312
 502931
 462749
 220938
 219658
 749561
 685933
 702978
 558845
 951506
 493301
 945361
 69936
 409564
 968836
 361148
 256240
 6545
 780335
 513559
 793192
 545628
 183505
 390832
 814731
 375928
 227124
 749516
 818351
 564726
 284021
 30006
 97234
 706806
 172812
 909326
 763489
 349786
 494930
 144456
 80317
 631673
 47039
 39865
 930555
 26760
 99859
 556701
 465788
 580289
 410788
 5105
 188658
 663290
 534728
 36651
 460218
 81937
 952538
 892599
 955223
 192739
 359636
 878467
 928135
 93218
 393246
 943396
 101697
 956901
 123724
 6105
 754959
 691793
 720240
 203318
 259870
 432828
 45445
 913646
 482609
 264139
 317986
 248520
 111512
 390015
 18226
 960397
 574878
 874447
 634689
 48442
 348216
 114894
 473554
 703100
 651630
 746408
 298566
 858732
 908603
 69876
 787335
 166563
 505502
 806079
 475433
 714398
 443059
 658151
 580052
 137546
 268294
 236911
 671017
 953091
 304285
 272616
 557640
 400984
 668273
 340027
 714022
 529493
 199755
 768749
 402433
 136126
 597190
 112575
 953042
 239418
 166205
 106201
 28329
 387838
 836852
 315217
 93242
 872180
 114233
 180360
 49661
 148608
 619176
 59741
 689464
 29947
 423393
 638213
 683281
 274536
 561964
 469850
 488076
 507058
 964132
 625134
 886447
 789272
 79584
 266211
 532262
 98524
 288720
 621137
 79875
 173463
 285541
 474581
 605432
 461769
 96774
 328191
 811074
 277326
 812734
 399447
 27982
 153273
 188679
 256766
 816478
 35070
 250534
 462408
 27484
 393832
 166508
 425431
 336413
 953561
 276866
 211371
 917795
 219030
 574783
 63960
 543887
 994198
 227832
 279677
 671972
 384511
 827022
 673034
 72764
 593464
 490259
 907194
 787737
 317463
 538147
 273519
 659806
 393268
 47811
 987565
 143046
 920051
 437085
 664636
 970451
 779076
 412238
 964501
 510890
 987960
 492306
 973737
 709689
 846846
 669634
 87865
 545120
 555202
 315360
 676957
 391972
 499801
 258883
 931338
 621834
 129733
 155952
 759042
 938787
 653896
 137804
 627270
 748647
 419964
 595626
 536983
 115640
 623769
 573289
 134786
 927883
 436266
 752999
 49119
 631422
 132890
 285300
 577056
 945132
 782128
 83894
 771326
 748734
 65705
 749794
 38146
 249969
 275296
 536690
 315851
 865135
 694436
 118356
 559
 594471
 507873
 317348
 713722
 404858
 886904
 518411
 700645
 571199
 365148
 136966
 550373
 529873
 687769
 942504
 252990
 93108
 715746
 341470
 898576
 118233
 110357
 297172
 583406
 378310
 63735
 753689
 94603
 357520
 841211
 427057
 48159
 835109
 126068
 244565
 682387
 880525
 483373
 211003
 112068
 298850
 384975
 701043
 307579
 364029
 199306
 310513
 67593
 315283
 973262
 226592
 664955
 676666
 341979
 495713
 625929
 380860
 386698
 887494
 326625
 504504
 746829
 962962
 396396
 825602
 425037
 439739
 274894
 705965
 680170
 784328
 173676
 761406
 797160
 67000
 237537
 956247
 249343
 14848
 104946
 260143
 251314
 280291
 678466
 166515
 44090
 165696
 343867
 89794
 77969
 85790
 867614
 837058
 48818
 406600
 781524
 298064
 562278
 329608
 853751
 54327
 700320
 769584
 340292
 226231
 500521
 430242
 37868
 705029
 562310
 812010
 123954
 347531
 192216
 604367
 819944
 363057
 150549
 723699
 423408
 135800
 464510
 248826
 666916
 600554
 94573
 178363
 793810
 721354
 642192
 137562
 349111
 775503
 811158
 759828
 265184
 53970
 859957
 520185
 318558
 839623
 211551
 360406
 783031
 567934
 495029
 764154
 860095
 478514
 375719
 754911
 936654
 345963
 991338
 721311
 101925
 708788
 555234
 607550
 965421
 356828
 482576
 419027
 435354
 477017
 304974
 381211
 664697
 843551
 214140
 438970
 769198
 3285
 614459
 740358
 475113
 940194
 531938
 260872
 53369
 854073
 227063
 654083
 286561
 874834
 503389
 530790
 518321
 267893
 8392
 44747
 430536
 918981
 744369
 528647
 632188
 936531
 932240
 234730
 326049
 580309
 641073
 143119
 753834
 600008
 136911
 717979
 390647
 821109
 150453
 730238
 380245
 236639
 682092
 643464
 790482
 113626
 535545
 145504
 17220
 435603
 242866
 946244
 960469
 894187
 718222
 318801
 486977
 729366
 564468
 396932
 764973
 456357
 16817
 888989
 80657
 134785
 47599
 534641
 425323
 346546
 732497
 415838
 930131
 276422
 799570
 50314
 197342
 866626
 837875
 717715
 409165
 227505
 874507
 957923
 379336
 125918
 832438
 819013
 328065
 436086
 141873
 647058
 5838
 24222
 365504
 913289
 173499
 309584
 837937
 365688
 124661
 349324
 96045
 221687
 839749
 369302
 315740
 103666
 328793
 296545
 546817
 964831
 502347
 339522
 692969
 868329
 93502
 239125
 30927
 489469
 173045
 510534
 4928
 581832
 606429
 783999
 249976
 341708
 94840
 294352
 466170
 247422
 41591
 352068
 12647
 745136
 391732
 230403
 195769
 566198
 296029
 443548
 350103
 118537
 670783
 593732
 297955
 780429
 185353
 924012
 595363
 182197
 178089
 746526
 384667
 270109
 833948
 399877
 558139
 155353
 445614
 730355
 135674
 344044
 584692
 778075
 556752
 732739
 237941
 2881
 266113
 745440
 437482
 406548
 477010
 577596
 452524
 646022
 309829
 771289
 355019
 991973
 593383
 351143
 144575
 953939
 376295
 821002
 434021
 499518
 356589
 506122
 328792
 769085
 140718
 505435
 107814
 746680
 82106
 480126
 993077
 233684
 271657
 722716
 629617
 163715
 528344
 166648
 577878
 941120
 393230
 425183
 145841
 511679
 577988
 34409
 926094
 255431
 457966
 785488
 807196
 934996
 512363
 926315
 449781
 308855
 970255
 240963
 987054
 29758
 900270
 886765
 167426
 500083
 487496
 294088
 217138
 858207
 363313
 607416
 319806
 396776
 125783
 473883
 346836
 321286
 874753
 79754
 882408
 886792
 541430
 711732
 591520
 943205
 797567
 204230
 118501
 789448
 945739
 250838
 408810
 883720
 216339
 928203
 387083
 21645
 328126
 100263
 548607
 51188
 73901
 317825
 493500
 502022
 285113
 405882
 643413
 719172
 370615
 60568
 231595
 57220
 302895
 361099
 900250
 496292
 562988
 491086
 344617
 810020
 997121
 171266
 829618
 549364
 117292
 59314
 927338
 225895
 867082
 130395
 808376
 540472
 943522
 941844
 589163
 562189
 44181
 669856
 550210
 890102
 887659
 564166
 706211
 276099
 232157
 454368
 744745
 79382
 107612
 795332
 845476
 625125
 534653
 44464
 37391
 45131
 118469
 735829
 116785
 71258
 945703
 883228
 585651
 105809
 904492
 788082
 869631
 437056
 358084
 505698
 170291
 699072
 309960
 389867
 342094
 124180
 508092
 666503
 704148
 209982
 889463
 624179
 667212
 500248
 129260
 836171
 427790
 490909
 219008
 641491
 325041
 974950
 830508
 68267
 558185
 948261
 278260
 661957
 427622
 701320
 812136
 142186
 123297
 938416
 510484
 389072
 272692
 39949
 84013
 642604
 577692
 536615
 679604
 825274
 793260
 572352
 818221
 652334
 672714
 854293
 200605
 544640
 375065
 356615
 530092
 504593
 812592
 412116
 612440
 12024
 192823
 580281
 487145
 557046
 169147
 544127
 195154
 586946
 32873
 412785
 201354
 755393
 518793
 163334
 822969
 665948
 306999
 359565
 132634
 444860
 860338
 935644
 134175
 582629
 462458
 129488
 302583
 289360
 349900
 55416
 939578
 868699
 159954
 465716
 459357
 144141
 944518
 62574
 106439
 188890
 580988
 7293
 679474
 482239
 303421
 775425
 34417
 338645
 20360
 397366
 215011
 319399
 612786
 492014
 44681
 899037
 818546
 243243
 250972
 712708
 526790
 470771
 420476
 858002
 310566
 269017
 973568
 285604
 110780
 492989
 712868
 476115
 753169
 810433
 620543
 912252
 284584
 596313
 361281
 217101
 300888
 97236
 443297
 140900
 849233
 621130
 517382
 211153
 432504
 767753
 747546
 430751
 983827
 19743
 889891
 84438
 278855
 174065
 10652
 647482
 767683
 607812
 503722
 860795
 331166
 403907
 581463
 866666
 356614
 448700
 703263
 166413
 939794
 769265
 779282
 931899
 812816
 944444
 982367
 675037
 468669
 849748
 742069
 555045
 730867
 763390
 726264
 942138
 340494
 891173
 176144
 386862
 186033
 28890
 783284
 814043
 261406
 137871
 224157
 994482
 407582
 365853
 290570
 858392
 172044
 573430
 57674
 438010
 436744
 322680
 899279
 60516
 30101
 671623
 780775
 917611
 909987
 599604
 679602
 359757
 561969
 439614
 320012
 112887
 304531
 125237
 895155
 519480
 221772
 524689
 615398
 291139
 56711
 584625
 279341
 544342
 301730
 497732
 880411
 137344
 356932
 298347
 889889
 302294
 796016
 999794
 717171
 314350
 52183
 500261
 542092
 424706
 504903
 946346
 544376
 900506
 876489
 274539
 178990
 698897
 752906
 935735
 377777
 489539
 335104
 966101
 42603
 721118
 35510
 445345
 616960
 89438
 32659
 683734
 413203
 525447
 51878
 32306
 841551
 826807
 783311
 718599
 322996
 103687
 456922
 592940
 496636
 337834
 58823
 830608
 170548
 651319
 566914
 737772
 602125
 267385
 758442
 170700
 69973
 929011
 340988
 708404
 304779
 566612
 688194
 766048
 636348
 439113
 42384
 597014
 148623
 400566
 80389
 393685
 628206
 765865
 533157
 786259
 199309
 172401
 418158
 458741
 583717
 331083
 922162
 738625
 593247
 867115
 73680
 176909
 506817
 285517
 246603
 405969
 869028
 646726
 778877
 739130
 445874
 269918
 847232
 760173
 816246
 33221
 410570
 41205
 934295
 841120
 932874
 682182
 90927
 366957
 107094
 950180
 463244
 878558
 455233
 373278
 204379
 671508
 355897
 402712
 905361
 38267
 14657
 923604
 461233
 490800
 373136
 337955
 686015
 744022
 340280
 400255
 481627
 769789
 445082
 711209
 27387
 838327
 954217
 984018
 211046
 407136
 502327
 738014
 820276
 64301
 251737
 820475
 384228
 625669
 272727
 135798
 573407
 190624
 732377
 578372
 109595
 406225
 688228
 432835
 617544
 278707
 909507
 778624
 322269
 803622
 112105
 433297
 337883
 672903
 235932
 91588
 105373
 335508
 697427
 931636
 681269
 272176
 5695
 676312
 154158
 796426
 511402
 255982
 954781
 671900
 287450
 497779
 586437
 816988
 22942
 389053
 511632
 204146
 156064
 923494
 61608
 510554
 707028
 935038
 219133
 165448
 5945
 999084
 438306
 215348
 428817
 641304
 730965
 644197
 487519
 54220
 270360
 622089
 252781
 753111
 863110
 572690
 463722
 764475
 747181
 287623
 523672
 915817
 965385
 98819
 815304
 892343
 856033
 727283
 711077
 431693
 277204
 669681
 658438
 669361
 499272
 731909
 931959
 759555
 591661
 427499
 614847
 843031
 108026
 484831
 746701
 844326
 595844
 246600
 338538
 75581
 616166
 889967
 448968
 745386
 511563
 334412
 587532
 124198
 909871
 350823
 89544
 958997
 91874
 797871
 804316
 270500
 631183
 474916
 678805
 301394
 267526
 244908
 730390
 212689
 212144
 613308
 999197
 20163
 305987
 72342
 234526
 19693
 904326
 11984
 762671
 554989
 441536
 994435
 94959
 495614
 229008
 426567
 107557
 419254
 269741
 391708
 441276
 348983
 847433
 236524
 839391
 412419
 30050
 105263
 534381
 120400
 990062
 764636
 100930
 884235
 332972
 229427
 698566
 238235
 464890
 493764
 610607
 634140
 668920
 753558
 71956
 246179
 862545
 958173
 170341
 752455
 387519
 253850
 610530
 86310
 192141
 231858
 574532
 961033
 945846
 914959
 271570
 146306
 875599
 733412
 538389
 562659
 475869
 717310
 536026
 179760
 187603
 166979
 615726
 889596
 694656
 662561
 359605
 230986
 814618
 645131
 389193
 776985
 527829
 26698
 912697
 579324
 703225
 760890
 173318
 193187
 40537
 881766
 413314
 933303
 614896
 872483
 537867
 158699
 286047
 737010
 163501
 292085
 780700
 336146
 776617
 758376
 39595
 521739
 339622
 489726
 244176
 792439
 768953
 84227
 127037
 6140
 712803
 161996
 596550
 188613
 765886
 61057
 498490
 335728
 421283
 112232
 534045
 129459
 932515
 726496
 900444
 967916
 133141
 118258
 990267
 228391
 108582
 92944
 662120
 821523
 249911
 684137
 991647
 586206
 107769
 679490
 180439
 606749
 959641
 263978
 941242
 732441
 812390
 272533
 766966
 822587
 132652
 332130
 217611
 905341
 897435
 916438
 945945
 46082
 871164
 93639
 640870
 741935
 289276
 386155
 406842
 88793
 193192
 403694
 521327
 534166
 834299
 921598
 450681
 414994
 166666
 383897
 372138
 131921
 55276
 555861
 426886
 410122
 873749
 514680
 967427
 233624
 705352
 884529
 104348
 335677
 998449
 619047
 804961
 963448
 617003
 876620
 629064
 35062
 731565
 320099
 806629
 818518
 278970
 587775
 502761
 535720
 591726
 265513
 828715
 659865
 13312
 436341
 990933
 515885
 333008
 932332
 708110
 739245
 80419
 401043
 388060
 441867
 146857
 129128
 511354
 714895
 503891
 367050
 917359
 366784
 704933
 641537
 597572
 603406
 547378
 614157
 504587
 871393
 636363
 690983
 325479
 893293
 701112
 306158
 498789
 665157
 101259
 498172
 151007
 655690
 316711
 796058
 683845
 140878
 575757
 428406
 943497
 636286
 145975
 482489
 819446
 356068
 760273
 274866
 23677
 83452
 52069
 372052
 370401
 483467
 834698
 479749
 782357
 694257
 821782
 600277
 318611
 232117
 254169
 280194
 343257
 474124
 453878
 492013
 405405
 314590
 744747
 409414
 687771
 886890
 236427
 227837
 867205
 74074
 567260
 178454
 123539
 825607
 711195
 961732
 241431
 43872
 477756
 994535
 973158
 788341
 121896
 733202
 978433
 305289
 497429
 969294
 561294
 379406
 813853
 575074
 382524
 783281
 246227
 978731
 963575
 957548
 935738
 709241
 336735
 858517
 842209
 327330
 267721
 563440
 661265
 441741
 105882
 2582
 144295
 772270
 512380
 239999
 625000
 260708
 266711
 945489
 654238
 419354
 289356
 237303
 49756
 254439
 755942
 168688
 951009
 542243
 707564
 377938
 425513
 204375
 689444
 926888
 681080
 811375
 831927
 204899
 620128
 385140
 522371
 326631
 243373
 620044
 338124
 76423
 254689
 558789
 46437
 952434
 978798
 907978
 638679
 428737
 587850
 806845
 651202
 862483
 761439
 189559
 706293
 525323
 394177
 580112
 662170
 206377
 822326
 719821
 855016
 641890
 923119
 569954
 722956
 851794
 468412
 329365
 613762
 604274
 440740
 649794
 907651
 977020
 469670
 689172
 480503
 83350
 125581
 997882
 565296
 823653
 767390
 938783
 207489
 687544
 313010
 251655
 683739
 348949
 161713
 384829
 677682
 712240
 728741
 537487
 433103
 212446
 96078
 820318
 657930
 713301
 151331
 899937
 404278
 189591
 244019
 22182
 405802
 277777
 627271
 286275
 532034
 753161
 795421
 804713
 161174
 12035
 121779
 474894
 275598
 469630
 929787
 132445
 351003
 38314
 830730
 497093
 903901
 891426
 361652
 837841
 731428
 373274
 213109
 47586
 755501
 610305
 710581
 519195
 82040
 203053
 434313
 539917
 194220
 3219
 138237
 316932
 471019
 230243
 77218
 680577
 146775
 394576
 890702
 529895
 191702
 704884
 322072
 563265
 656195
 125026
 1149
 972322
 492096
 761268
 779461
 111647
 48914
 803904
 598574
 708157
 403989
 482120
 991154
 789594
 972432
 615271
 538900
 976267
 743712
 970588
 526376
 156767
 1743
 78477
 398092
 96834
 341843
 872215
 141627
 321220
 7518
 864954
 504065
 172650
 574196
 415375
 338098
 249310
 638062
 638683
 825229
 791469
 162793
 717504
 831332
 917563
 810071
 764873
 720357
 164523
 455432
 634505
 356136
 228005
 324606
 505355
 482268
 477343
 114163
 844036
 299359
 274579
 536177
 596673
 761568
 969389
 939501
 391828
 45660
 217864
 829437
 762637
 274238
 220543
 915538
 478905
 317073
 359665
 462206
 99620
 899778
 741341
 500106
 711840
 160709
 506804
 257968
 57407
 329008
 168373
 729650
 976184
 522600
 250859
 314375
 18154
 139886
 476307
 994227
 363909
 941911
 903338
 706945
 679801
 616151
 501373
 359549
 43721
 883037
 520493
 58120
 214147
 382997
 881810
 345919
 662874
 43547
 150894
 448696
 944679
 864077
 253397
 585250
 839836
 483966
 823196
 104798
 326154
 183999
 885957
 947615
 579222
 233020
 826128
 147864
 85365
 635726
 271913
 171549
 791092
 779149
 688513
 286622
 866502
 801460
 367644
 73394
 504307
 278124
 635408
 180790
 801910
 274761
 750767
 14561
 42020
 139682
 446181
 283867
 468448
 533151
 346170
 12104
 839967
 880371
 5883
 126279
 599946
 661852
 13128
 28183
 837324
 913291
 66609
 439167
 980392
 574717
 34361
 403511
 781512
 77362
 611009
 82104
 670807
 473354
 358628
 964518
 459872
 512652
 311630
 65573
 874906
 305144
 228346
 770310
 751296
 475059
 861878
 637222
 970811
 219913
 518025
 399056
 105645
 659375
 163404
 828470
 911079
 447539
 941176
 475566
 856264
 675713
 761850
 825718
 92108
 50479
 845342
 917241
 7967
 60175
 148059
 651715
 467185
 308709
 852588
 101142
 360703
 309107
 696999
 556561
 822222
 585259
 281039
 449343
 743489
 816756
 578995
 808952
 901639
 109708
 590216
 665711
 71921
 70412
 604859
 631824
 680847
 974463
 544247
 163619
 41864
 502454
 899163
 191597
 938070
 38346
 948017
 6325
 304816
 610768
 205049
 222243
 143098
 350591
 581957
 862599
 526896
 678604
 528753
 60854
 904664
 600000
 623405
 7852
 645933
 841092
 70167
 993474
 702120
 802623
 994904
 509401
 431421
 457883
 94570
 58408
 893596
 297686
 679843
 150355
 710658
 547139
 251974
 987637
 501402
 92470
 467809
 193332
 865354
 987539
 271447
 882352
 137244
 368610
 734338
 833222
 661434
 168766
 424359
 694568
 877868
 287230
 563839
 399758
 686059
 854145
 209146
 917888
 823410
 759595
 315927
 85034
 744879
 941620
 171428
 388116
 574835
 46157
 329515
 36261
 25760
 310463
 399619
 422237
 969779
 82452
 386715
 861975
 303353
 607704
 572947
 796765
 36688
 523992
 888198
 86001
 985353
 869706
 909637
 810880
 9102
 401742
 295673
 369104
 449230
 995658
 149516
 150048
 298374
 338640
 979543
 158241
 925635
 431645
 912112
 529409
 114562
 473032
 872708
 268853
 342088
 394906
 975079
 948162
 908075
 635943
 384746
 938666
 677398
 219481
 8973
 555499
 975497
 954000
 130699
 515618
 479304
 249651
 599587
 267632
 668131
 231285
 728511
 535547
 713260
 862834
 412683
 267739
 18027
 843270
 785655
 553875
 575459
 642841
 282144
 319810
 605568
 708862
 195450
 756429
 779719
 49146
 798711
 365768
 794062
 202627
 196950
 620828
 454390
 362573
 886958
 926728
 654490
 168653
 394072
 349367
 832826
 278244
 385599
 97968
 243282
 269841
 214800
 636108
 922525
 298082
 910152
 102019
 191510
 859422
 882749
 771095
 584272
 294222
 860885
 540469
 805612
 827047
 712378
 386774
 530795
 391048
 726720
 921739
 306393
 596936
 494148
 326304
 725118
 854870
 562540
 988792
 467432
 689581
 730463
 668874
 342737
 398621
 161632
 475589
 313913
 29462
 413969
 934530
 407288
 262930
 799540
 870579
 425992
 854503
 199622
 271255
 130401
 711026
 199065
 875059
 75098
 443786
 289631
 727
 875176
 478873
 797802
 880809
 164655
 265826
 74151
 671293
 364259
 957785
 161290
 193342
 375272
 417370
 460405
 337012
 419987
 22125
 539692
 190454
 847939
 552286
 941397
 255308
 830269
 697066
 610082
 458426
 883909
 338228
 749333
 904067
 633602
 186611
 119969
 374094
 955761
 723386
 181666
 579877
 1050
 91767
 619940
 499596
 765397
 911605
 362112
 782194
 143495
 949397
 462773
 452981
 281578
 373726
 947261
 110937
 398638
 603723
 444362
 132862
 384970
 483587
 985667
 955047
 856459
 671174
 992593
 398433
 524910
 75181
 495896
 447481
 826512
 834224
 279755
 207272
 463482
 903427
 291700
 204327
 531728
 346405
 310015
 12388
 260869
 779589
 502037
 587738
 585791
 598606
 646984
 764292
 575384
 594874
 406250
 129032
 691906
 628125
 543147
 615935
 529866
 619730
 232558
 385413
 910331
 896616
 542101
 108343
 199507
 933113
 172752
 389238
 832414
 807398
 59297
 684480
 373729
 8188
 230306
 964944
 768895
 176596
 634156
 201638
 174048
 369529
 134686
 906663
 366750
 112683
 773679
 566235
 241228
 570233
 360354
 595612
 793680
 302994
 54350
 534153
 136936
 913466
 198618
 378142
 589725
 31873
 464441
 287590
 215481
 814005
 846013
 739612
 216216
 46377
 728764
 784972
 836961
 695009
 220807
 965238
 307198
 616146
 887440
 702964
 590030
 529722
 13224
 33052
 520547
 74859
 709738
 320421
 775126
 916825
 90764
 38153
 126407
 806227
 665906
 312519
 712770
 19797
 561710
 255874
 436110
 863521
 259038
 954201
 569158
 760278
 471406
 529686
 429451
 871871
 421669
 23291
 628981
 63255
 758680
 733037
 324088
 617856
 810134
 146900
 247155
 543077
 858720
 711864
 947951
 793193
 221477
 263304
 759482
 794041
 505940
 795873
 857431
 822259
 915454
 84010
 542420
 639465
 238171
 690688
 159326
 21275
 155216
 487452
 101656
 263889
 315388
 140211
 963856
 506011
 228333
 945500
 60422
 514528
 356046
 556269
 143265
 219348
 738285
 526913
 130820
 994033
 674942
 345291
 678259
 266394
 300564
 948853
 549222
 457164
 667903
 438356
 17057
 652494
 595005
 874827
 392512
 878527
 346536
 684717
 124511
 46362
 716744
 354561
 640775
 689399
 49723
 927964
 654692
 809626
 748631
 580934
 651785
 893690
 631406
 397455
 816802
 918175
 690094
 361493
 541180
 778507
 373748
 748161
 402944
 182802
 609036
 29088
 375530
 235602
 363851
 665244
 28763
 349766
 867809
 514641
 401834
 30473
 875107
 997979
 27137
 352261
 150137
 490003
 999746
 21379
 394160
 418009
 174072
 773703
 837369
 561797
 92178
 680311
 491228
 821721
 90632
 247305
 20408
 514245
 651074
 877634
 513313
 192450
 40720
 194938
 562231
 290993
 19382
 502898
 503140
 694934
 950422
 424867
 544235
 629144
 986489
 289894
 989966
 735998
 865979
 484217
 653387
 328699
 636990
 487109
 5220
 8526
 306797
 825224
 469208
 972926
 337434
 973253
 912645
 484159
 578401
 752479
 647775
 558558
 569822
 731354
 568259
 822436
 412177
 243247
 198040
 997970
 38227
 997913
 389010
 36349
 742307
 501894
 331188
 664322
 552360
 234894
 57155
 543168
 951387
 268283
 543200
 591696
 51606
 144109
 761336
 95865
 241366
 851677
 899395
 659076
 371144
 276924
 276375
 942396
 194520
 337298
 237145
 39071
 560941
 889864
 154406
 687084
 233456
 310920
 703547
 726241
 758449
 531058
 437615
 141967
 445465
 484490
 84744
 814944
 416927
 176111
 917222
 555308
 808388
 301484
 981670
 210348
 161194
 34188
 163874
 605208
 628028
 452188
 812213
 980899
 489882
 836915
 235559
 174731
 137209
 157973
 745510
 246946
 972429
 283457
 692467
 783783
 624405
 535245
 978705
 330917
 319840
 44971
 889656
 961270
 468304
 413631
 544908
 458394
 437923
 5110
 229401
 709035
 362148
 505367
 885810
 248043
 958385
 264344
 101379
 683082
 387836
 828619
 230516
 471883
 183457
 660508
 291391
 886987
 942324
 406303
 235106
 619476
 468403
 653766
 700698
 476953
 159990
 786592
 510512
 609623
 544305
 798212
 632805
 188971
 229123
 844521
 94407
 819592
 122957
 306682
 582763
 505951
 329406
 577083
 11583
 13245
 905982
 458794
 256002
 332586
 833567
 621047
 145874
 856234
 659557
 500067
 49079
 310492
 6546
 775332
 159444
 610098
 73020
 777588
 950197
 765883
 164840
 690208
 928687
 467577
 637475
 721369
 98046
 210866
 254262
 680888
 315239
 626926
 112438
 340467
 541162
 719889
 130514
 633214
 315854
 613038
 4832
 386178
 300628
 631403
 934433
 148683
 423051
 741144
 407331
 322620
 244206
 142069
 945456
 924339
 498488
 795046
 506663
 512307
 660568
 562931
 465082
 101201
 207990
 106551
 40892
 363636
 46556
 422758
 979942
 755810
 851112
 761940
 629323
 532188
 647572
 981933
 644283
 169342
 385003
 460449
 816321
 804922
 729713
 249591
 769084
 285129
 865906
 427791
 218204
 296353
 159596
 533800
 755495
 653827
 59846
 708963
 698142
 560141
 699873
 737146
 825940
 26466
 417962
 143815
 385985
 772872
 879949
 164675
 241233
 737677
 612323
 580108
 116599
 451440
 170867
 710100
 988782
 839486
 604389
 456926
 101145
 623819
 417566
 694312
 494253
 337212
 678488
 748700
 267049
 246956
 71602
 846530
 218815
 402683
 330875
 525996
 640997
 577501
 482809
 480470
 390744
 337697
 346343
 566176
 702337
 254845
 782069
 8308
 589783
 821319
 737488
 350782
 390678
 556518
 38126
 737498
 250620
 937584
 367080
 719970
 807225
 795450
 476806
 333420
 646925
 601036
 491448
 653938
 251585
 496043
 236441
 350218
 283750
 784437
 682664
 423235
 841552
 527813
 33044
 596488
 89755
 859912
 372960
 134041
 545916
 780494
 854625
 151781
 176226
 140284
 15234
 664766
 139313
 779058
 391706
 554896
 71635
 878191
 945179
 949914
 381758
 745951
 49738
 871361
 150586
 563298
 825902
 794053
 965775
 490859
 815686
 516245
 363180
 426844
 234715
 914667
 126880
 441730
 316098
 94495
 726171
 672595
 159292
 129861
 578001
 699641
 265601
 91121
 904066
 986100
 212436
 318608
 275839
 102638
 983298
 769635
 773584
 848942
 523698
 336339
 734260
 300170
 3398
 261905
 957256
 409761
 940919
 913021
 30406
 726288
 586960
 619586
 151512
 449748
 7657
 99605
 679300
 148063
 703766
 213119
 644484
 962132
 481301
 230093
 989585
 85366
 577440
 242609
 479999
 271941
 206755
 426542
 873363
 384377
 139485
 993142
 961421
 856214
 592903
 253330
 993177
 257759
 470356
 405776
 538515
 875877
 124720
 701033
 394210
 230595
 369777
 437364
 908435
 333139
 306531
 727461
 426644
 31543
 839023
 572506
 900493
 534435
 19553
 452045
 534050
 176289
 534300
 758286
 701013
 574897
 626448
 487284
 760183
 819254
 620425
 966793
 923787
 426539
 68956
 589695
 9078
 475475
 340579
 670485
 337175
 444579
 591259
 414405
 866114
 791077
 737161
 404388
 77472
 960752
 548286
 510086
 305797
 440205
 945643
 209366
 421025
 537942
 568438
 434101
 716321
 175347
 749939
 697311
 33636
 236944
 238658
 417576
 774012
 259109
 13127
 205547
 320813
 231039
 712333
 725723
 192820
 928246
 146761
 749728
 975206
 761465
 905201
 479558
 338835
 433165
 997863
 791239
 839622
 659049
 138477
 464353
 51425
 416094
 423602
 863501
 77324
 886185
 843697
 433290
 188852
 606861
 831460
 183616
 459105
 13449
 200473
 670116
 742763
 201512
 176750
 449100
 848516
 216648
 657740
 73860
 432522
 579907
 974973
 47487
 735342
 5449
 569021
 845223
 651808
 24755
 492204
 8859
 622877
 665379
 650618
 191986
 414119
 698234
 200000
 496673
 821248
 42469
 189461
 643520
 337314
 134147
 415369
 96519
 955778
 209589
 354758
 893679
 871733
 358291
 423999
 745162
 439252
 908022
 979511
 978110
 228915
 984820
 745756
 144034
 315935
 489862
 733733
 901939
 936764
 133824
 551423
 450986
 877863
 189625
 641353
 55203
 989648
 610500
 102066
 860921
 300193
 984312
 904345
 267274
 131651
 561178
 810051
 687310
 790311
 893553
 709206
 395787
 166612
 312762
 425076
 292412
 978423
 840957
 617831
 686332
 963525
 591464
 254587
 445174
 614817
 393315
 110236
 504225
 429900
 214916
 731297
 309050
 364882
 717653
 236299
 518908
 938574
 340730
 74109
 892703
 474505
 447322
 684350
 188339
 748901
 522931
 617372
 900355
 715415
 137892
 451003
 211421
 193733
 222750
 901016
 851981
 802599
 159389
 487671
 29746
 800000
 865056
 910678
 794649
 515968
 956757
 39979
 506710
 137254
 788507
 483395
 448721
 577420
 695067
 232047
 460474
 462335
 619069
 332362
 926697
 816320
 399679
 818154
 560780
 518775
 290502
 505219
 367249
 900646
 285714
 400662
 731550
 986863
 357604
 504176
 841491
 460265
 659578
 752293
 963011
 176322
 312156
 576063
 622099
 824177
 896507
 318110
 483561
 656079
 747711
 87135
 570242
 827153
 517615
 38785
 483442
 837904
 344069
 681660
 813166
 304214
 134715
 806157
 236159
 835432
 674181
 548988
 343822
 445382
 41870
 549306
 40367
 176013
 765633
 6711
 713393
 289389
 81751
 22510
 95011
 619605
 853820
 90746
 453443
 679058
 921795
 279355
 880676
 561837
 333713
 337710
 177038
 872419
 64485
 249527
 66256
 211953
 78438
 359454
 171284
 965022
 240223
 217875
 40000
 916666
 354354
 426622
 458686
 222393
 633891
 747500
 266294
 896274
 97335
 837301
 191902
 112160
 184452
 492573
 277687
 817598
 256130
 467149
 960585
 116788
 421113
 287551
 54602
 459371
 557073
 838176
 692906
 355440
 592621
 294492
 78833
 884503
 773722
 877474
 770308
 733800
 610470
 632459
 143780
 779549
 955820
 913856
 895035
 383191
 382293
 855799
 658101
 802655
 977213
 463329
 938461
 616810
 78521
 18932
 456409
 843869
 624349
 799920
 682371
 41322
 446658
 606936
 636191
 568701
 699682
 839999
 673056
 339867
 78787
 20072
 165811
 77605
 222377
 46733
 10880
 247918
 902046
 883552
 151573
 357105
 486775
 906601
 217946
 596303
 518713
 214105
 643425
 821435
 312098
 568933
 445810
 728048
 660720
 398058
 62334
 527913
 748562
 624822
 364485
 123357
 722942
 608664
 215325
 211379
 4808
 510737
 853450
 560634
 599109
 587478
 674418
 300357
 839983
 966116
 609854
 352659
 266226
 142857
 774939
 681596
 512126
 643570
 34965
 972684
 520923
 84583
 997405
 634195
 790740
 937723
 275819
 642642
 79772
 763636
 388153
 344587
 979770
 334748
 925360
 894327
 705196
 375699
 793225
 101314
 303145
 505670
 748149
 567095
 400961
 877504
 527494
 594120
 392977
 871192
 499720
 101626
 966860
 665974
 191834
 969091
 743589
 13445
 750211
 251092
 598057
 193121
 817584
 310052
 116874
 692521
 933727
 642805
 529978
 92526
 588602
 310973
 968442
 994948
 770652
 463253
 53941
 799014
 604864
 954099
 371690
 961433
 332918
 957516
 516643
 138567
 661668
 237248
 762669
 164028
 241350
 391766
 759934
 67842
 706045
 566635
 228146
 127732
 794618
 670191
 919378
 76202
 417104
 470892
 593855
 544639
 905632
 134094
 540983
 605455
 626738
 959693
 207271
 896879
 854882
 531220
 419685
 229582
 777578
 52915
 972586
 779441
 606777
 840851
 539682
 500269
 290124
 397707
 516446
 962582
 910415
 921397
 172915
 526562
 350175
 337669
 688155
 289156
 234449
 984952
 314111
 651778
 902928
 43720
 408866
 390523
 240220
 496567
 689043
 893444
 886779
 475471
 495049
 236894
 972591
 974327
 285815
 105492
 166633
 783804
 321194
 406556
 912324
 691161
 30663
 553308
 439656
 124867
 133454
 361664
 414777
 554906
 49781
 524716
 61728
 536923
 695322
 255837
 366142
 467153
 188805
 401917
 370553
 594439
 195530
 676498
 801574
 988801
 819711
 750274
 105991
 472687
 699409
 942059
 749547
 74928
 901846
 321131
 56464
 975211
 241393
 979762
 197142
 674793
 342871
 160165
 648904
 530446
 16533
 9831
 63188
 136476
 365760
 119827
 623307
 918753
 684008
 520147
 828571
 429123
 249253
 450735
 559283
 214693
 985960
 983670
 896938
 869839
 832266
 177541
 15630
 218097
 842131
 57556
 270238
 245836
 819790
 550445
 54077
 181685
 344709
 511952
 755798
 855774
 729547
 894179
 883679
 884647
 374100
 303319
 173553
 513500
 633955
 453987
 796068
 547229
 97225
 418691
 176192
 364044
 975745
 329768
 772651
 254474
 908256
 757900
 171077
 766462
 932808
 737799
 765734
 454545
 137218
 369582
 929197
 456537
 979447
 642926
 503032
 891731
 27800
 748460
 358581
 771699
 693130
 501640
 752074
 659063
 222222
 232400
 823078
 379087
 645941
 61806
 228995
 444057
 748350
 490572
 183541
 38226
 846484
 124812
 208029
 128186
 840514
 313112
 877520
 744680
 431801
 454134
 253085
 153385
 963097
 620865
 860977
 221456
 971313
 862221
 916033
 584161
 695652
 670464
 198438
 891675
 386120
 609780
 347422
 906842
 6507
 189159
 475355
 558878
 274725
 93457
 713697
 865578
 600543
 393442
 147184
 393043
 862853
 933763
 318371
 591692
 756675
 826821
 163498
 94842
 534090
 488920
 24150
 35828
 681000
 925877
 137518
 818876
 550890
 695400
 745684
 63331
 757216
 243805
 346359
 267861
 630377
 585406
 486486
 92146
 671005
 383896
 755284
 527577
 918275
 777120
 178171
 316219
 769341
 85432
 109053
 988416
 240292
 923799
 356538
 211733
 760549
 236453
 731672
 945130
 213916
 219190
 898215
 363466
 790368
 437921
 40221
 524877
 767597
 483492
 616887
 281853
 11279
 848120
 187936
 138425
 692992
 632782
 896265
 141774
 804981
 776243
 492349
 550429
 191776
 716605
 684046
 438019
 599535
 13986
 898655
 816643
 95238
 963487
 536296
 816959
 352053
 418770
 869587
 508310
 918995
 613447
 59815
 166623
 546673
 300331
 61831
 976699
 484323
 260394
 282722
 532087
 985685
 711526
 537325
 930480
 368787
 120074
 439942
 793324
 268656
 577609
 76130
 90484
 657214
 638568
 432173
 50340
 252569
 305748
 366905
 413566
 273970
 57142
 840012
 160848
 156804
 891172
 458812
 128371
 191369
 758879
 585824
 415481
 221189
 313413
 760653
 117474
 469606
 391171
 985212
 310063
 480074
 712137
 638443
 889390
 819990
 9247
 89418
 669774
 805269
 463791
 609977
 65534
 758684
 264428
 918864
 603375
 464432
 755864
 423191
 689916
 834399
 930232
 457221
 392579
 797506
 652857
 558092
 912506
 656931
 766791
 186156
 373322
 92240
 625609
 322972
 544593
 109723
 467618
 88621
 899272
 851531
 102222
 245543
 568773
 876038
 38052
 10458
 564938
 56401
 185733
 440985
 735568
 479550
 956773
 147464
 296429
 316417
 162088
 820082
 118747
 544099
 382145
 310679
 856456
 690925
 478703
 365777
 645080
 724008
 457648
 15231
 651881
 642947
 114906
 130702
 515662
 128580
 124156
 783613
 639414
 372511
 862859
 982031
 260411
 362600
 185710
 6806
 141136
 175207
 947675
 387305
 501360
 372474
 969382
 138056
 873440
 184351
 465758
 948001
 780949
 849677
 293094
 268110
 503561
 872330
 404304
 302457
 242006
 557679
 467652
 941414
 724642
 683802
 469870
 749275
 128479
 548774
 869403
 569948
 700603
 232540
 995922
 453658
 616255
 607779
 488220
 145478
 322480
 229087
 457325
 236638
 188690
 471832
 123929
 521036
 257894
 349839
 26691
 880845
 654589
 132287
 322314
 998104
 899358
 308381
 276480
 828108
 77209
 365539
 887043
 478666
 147705
 54519
 155696
 111372
 874739
 986788
 235376
 565595
 955603
 42475
 971656
 882771
 741829
 922639
 336846
 274784
 563872
 827940
 854961
 949222
 171250
 829880
 335423
 338146
 458471
 997929
 874600
 407182
 593617
 760729
 437526
 787659
 159411
 213294
 963814
 440222
 317081
 281806
 352334
 188463
 102352
 826657
 339699
 763843
 915418
 217830
 359860
 245401
 673379
 729889
 728875
 80992
 879349
 595044
 228919
 300561
 503324
 298155
 744518
 947028
 48987
 606446
 787775
 470650
 972925
 599525
 274281
 177293
 402372
 738807
 834558
 849626
 262694
 216306
 397824
 344497
 888245
 678085
 385759
 384299
 750023
 684193
 924359
 189567
 386359
 97065
 985448
 804547
 305545
 534974
 514263
 244046
 939315
 381924
 794026
 40
 538499
 960491
 67418
 35708
 195842
 75505
 140552
 905008
 469071
 486539
 725055
 691146
 528086
 376925
 152362
 900121
 729483
 44158
 555627
 784436
 673404
 808917
 446359
 973564
 579008
 608275
 490566
 220927
 273580
 369794
 608155
 872752
 271669
 436347
 70628
 570993
 283996
 97503
 318153
 4608
 132506
 912249
 686360
 896401
 375175
 453277
 740941
 510538
 504164
 430641
 533535
 290227
 335923
 224308
 323769
 815343
 25316
 792907
 105077
 653282
 943431
 383270
 796160
 434201
 246124
 898390
 404614
 307409
 157787
 909904
 523342
 505857
 428005
 197853
 880049
 787241
 164881
 684725
 147634
 944406
 667269
 355915
 438596
 30333
 19276
 385693
 770293
 970192
 457819
 178883
 753229
 484995
 208214
 913315
 905006
 589243
 78669
 725312
 763323
 31977
 443645
 98010
 832347
 403474
 984963
 65128
 910009
 44353
 242404
 880179
 117912
 259007
 694905
 652721
 237831
 545144
 823109
 468910
 698925
 628990
 778688
 532329
 574344
 727937
 185307
 686364
 469358
 167800
 160250
 45521
 875000
 58555
 375407
 689972
 30278
 381685
 811011
 425806
 215486
 140441
 904510
 739056
 27043
 639232
 854447
 407069
 995727
 335570
 873976
 273540
 74274
 274184
 760103
 250055
 588910
 279376
 784499
 660971
 81644
 363763
 54249
 88928
 644425
 302992
 784411
 278017
 130774
 814371
 323803
 651566
 602890
 623639
 723746
 449821
 685675
 445553
 370868
 904530
 28834
 473358
 882385
 226378
 701720
 103746
 237984
 216577
 85990
 334972
 754111
 969957
 368386
 391740
 489054
 401950
 832803
 125582
 180993
 979089
 391982
 301598
 129115
 62633
 874109
 937953
 965690
 920242
 277382
 171750
 462244
 191250
 441419
 443037
 756901
 967438
 512264
 495756
 545940
 413084
 706190
 610240
 961616
 589132
 661306
 208835
 719154
 24430
 864332
 942449
 159160
 55256
 876175
 516771
 621144
 979747
 814147
 151170
 902623
 475224
 425900
 347702
 618556
 204670
 443164
 70050
 68462
 251136
 767997
 813434
 817350
 526059
 468244
 507588
 192307
 637291
 369988
 516896
 132075
 823809
 746376
 360773
 170954
 387620
 352466
 744256
 214027
 110452
 370648
 303304
 195961
 259398
 36558
 839357
 977654
 389448
 557322
 797668
 918294
 868565
 60636
 280049
 670664
 561307
 688086
 893427
 603733
 455580
 166698
 665404
 4296
 665751
 766093
 691473
 681360
 599789
 361500
 888332
 881469
 703963
 702526
 699588
 316410
 56405
 430788
 416612
 328528
 396547
 957139
 337408
 491391
 589885
 422781
 331219
 497527
 405699
 142679
 697872
 880996
 121440
 540587
 813309
 753791
 839808
 537806
 383482
 634007
 315643
 309923
 663211
 657186
 806603
 933186
 426099
 382813
 246494
 961791
 455534
 778296
 82747
 31833
 235526
 574321
 594169
 867345
 421547
 600663
 639582
 750566
 733333
 585997
 775869
 163101
 743744
 108108
 476159
 26427
 860203
 214535
 180653
 606898
 945014
 662741
 669030
 981201
 637524
 308038
 17011
 147574
 758048
 281967
 593208
 711475
 669827
 282495
 966830
 755670
 216565
 409384
 115088
 357223
 358624
 801033
 526691
 420799
 481562
 487674
 642217
 354669
 136950
 358284
 688543
 571704
 750354
 258031
 827928
 233879
 730128
 99201
 638911
 436835
 192917
 106884
 970476
 621359
 654950
 199809
 665036
 395421
 790697
 251702
 490453
 415653
 808627
 925691
 893385
 387630
 229646
 100502
 127022
 780418
 530481
 698099
 179796
 803516
 560319
 927864
 956496
 645099
 636792
 141263
 45454
 880895
 810435
 840859
 607031
 741343
 383035
 319743
 533623
 