2705
 535
 7875
 9662
 2790
 571
 7460
 5044
 1731
 6227
 2359
 1446
 8710
 4460
 249
 3670
 3996
 460
 7390
 5354
 7112
 3243
 7681
 6111
 7750
 4605
 3919
 3043
 6479
 3793
 8421
 5131
 8905
 5172
 2143
 4532
 4540
 2749
 7936
 4134
 7637
 5970
 2889
 5160
 2660
 5257
 3235
 4043
 2017
 8994
 3740
 3432
 3759
 2446
 1612
 7608
 6081
 7749
 9441
 4867
 5467
 485
 3619
 4323
 2415
 4545
 5114
 5004
 1875
 599
 3462
 972
 6136
 2043
 2260
 6879
 817
 2673
 3889
 8276
 1152
 4724
 6035
 9099
 4288
 5949
 8964
 8145
 9451
 6003
 1853
 1456
 437
 1141
 4314
 4285
 9868
 2609
 3048
 4652
 