27328
 69443
 12870
 37369
 32080
 25839
 10298
 51370
 88011
 44229
 86440
 11395
 52057
 53265
 14492
 83798
 77153
 249
 33145
 59334
 3767
 72314
 72487
 54032
 3018
 90745
 98964
 8349
 40271
 57087
 78200
 11776
 55735
 12659
 56589
 79555
 3717
 66233
 68820
 2365
 44470
 97287
 79825
 26843
 482
 32086
 44854
 10382
 89763
 25422
 60075
 59594
 80054
 61282
 90625
 53682
 43577
 66447
 6594
 49853
 40703
 49354
 28713
 106
 61068
 52167
 3517
 57813
 25752
 34734
 56039
 87592
 28650
 78273
 92527
 14029
 69237
 4670
 55478
 88970
 22585
 80061
 46927
 56668
 89552
 60421
 22588
 49476
 1255
 72533
 56965
 12524
 47187
 43557
 17523
 85565
 86170
 67496
 75911
 18699
 87229
 99735
 71659
 92734
 37737
 34186
 24902
 51438
 28856
 380
 22792
 13930
 42969
 55086
 27884
 50559
 84717
 83649
 32908
 39007
 33375
 88180
 62465
 3823
 91645
 23004
 89473
 29858
 54869
 70024
 78772
 49134
 52104
 97014
 48789
 56313
 7583
 32275
 63044
 53230
 19645
 97576
 51627
 53128
 23684
 18054
 25723
 95664
 16527
 61777
 16849
 92563
 97099
 6573
 87557
 80291
 18745
 63398
 75203
 52521
 80283
 7467
 10655
 20897
 33485
 89995
 77494
 42940
 65428
 31541
 64310
 6045
 98614
 24814
 89818
 53458
 97091
 73477
 75187
 1890
 77242
 89193
 83725
 73913
 89538
 69230
 93452
 20157
 49576
 80490
 78671
 16633
 90269
 22012
 87246
 2298
 80965
 34333
 54919
 80513
 10597
 16195
 64483
 12719
 15800
 40499
 55989
 3227
 3153
 66959
 11741
 8799
 40548
 32561
 79830
 90345
 2808
 58107
 92394
 19332
 95006
 44250
 21663
 91492
 57628
 99321
 53877
 37990
 49460
 28513
 78110
 99216
 67827
 84601
 34129
 19707
 36009
 65606
 43972
 68248
 38948
 54441
 46692
 58322
 12935
 93087
 18186
 38196
 2837
 44061
 10283
 30219
 49090
 52033
 63801
 57974
 41544
 41233
 82245
 87641
 96642
 10304
 49995
 59941
 30102
 93285
 40044
 89507
 21257
 40010
 71476
 50360
 13979
 75657
 91916
 28319
 89591
 228
 92617
 81057
 39855
 4108
 9928
 48529
 2857
 72884
 40554
 95206
 57371
 522
 8558
 72731
 52385
 18636
 95865
 1843
 80157
 31807
 26259
 49757
 84438
 76476
 90271
 62780
 68019
 54902
 31227
 39299
 36355
 51151
 66306
 64497
 84655
 39431
 50014
 57308
 19763
 80150
 55798
 18209
 57890
 70486
 99258
 916
 91182
 82621
 35535
 4214
 81590
 68100
 62785
 55017
 97245
 19918
 79580
 38619
 31329
 84695
 61228
 78284
 6121
 37406
 72343
 95321
 26896
 84230
 15702
 47339
 34099
 28189
 87142
 54425
 58716
 72051
 46050
 208
 25434
 23533
 94168
 31666
 61433
 34505
 1551
 68492
 81523
 23288
 50246
 44219
 51568
 88360
 72651
 81170
 70967
 93333
 25126
 36940
 33833
 57439
 76503
 92831
 51730
 92540
 57426
 58253
 75236
 97348
 76203
 22572
 76117
 74539
 48332
 4877
 26340
 95164
 91072
 54342
 65054
 70884
 26369
 63773
 38508
 34335
 60502
 24853
 21745
 76248
 56579
 43744
 50780
 29975
 89652
 86315
 28243
 36976
 41841
 2080
 87224
 84710
 56783
 81452
 1472
 17586
 28309
 3237
 97486
 11738
 65072
 40944
 80508
 33886
 6877
 53413
 7208
 25378
 90508
 8010
 22188
 29737
 30434
 3524
 46503
 63507
 39186
 49246
 89004
 96979
 86769
 56905
 64289
 26745
 21996
 69065
 43400
 69428
 72404
 11008
 27611
 48043
 86314
 98147
 85896
 5354
 86394
 6649
 62805
 9306
 56395
 42193
 69035
 77390
 77710
 41433
 87281
 62045
 65611
 19461
 87777
 53686
 29223
 13290
 98305
 94936
 20962
 61216
 35860
 23581
 64292
 89786
 89429
 31875
 82671
 30199
 71695
 64323
 85880
 95837
 28511
 95819
 62013
 83826
 82080
 92385
 70974
 73842
 86748
 7968
 99040
 58313
 11208
 97709
 46790
 85832
 23389
 56726
 5363
 85172
 76139
 73393
 4252
 71021
 14361
 96677
 67999
 17830
 88308
 23478
 28587
 14596
 92282
 71876
 47602
 42143
 7621
 18944
 28977
 86978
 23751
 26570
 78962
 7158
 54443
 97102
 71972
 66999
 78870
 83477
 34328
 62029
 15970
 86872
 86176
 60574
 38576
 31289
 11935
 59755
 28522
 94488
 12333
 83053
 93812
 23714
 28654
 51334
 72927
 4271
 96400
 23873
 33744
 36083
 34200
 90670
 41214
 67390
 2264
 18715
 40506
 35962
 80796
 27032
 28662
 56746
 79567
 93083
 10998
 83958
 26774
 14470
 27231
 10399
 8763
 65498
 80920
 52007
 84004
 63268
 22132
 52840
 78957
 86473
 2718
 85703
 17001
 83332
 42721
 29734
 48177
 1417
 24729
 9337
 45052
 94214
 93935
 74787
 27319
 78907
 22877
 20160
 72450
 95503
 45283
 92973
 45454
 52771
 70945
 34105
 91782
 1508
 37975
 14685
 49371
 63964
 5420
 78923
 35915
 86129
 68375
 58052
 81558
 80215
 79326
 52442
 59209
 80885
 99153
 17528
 64756
 91967
 33669
 64768
 45689
 99803
 78034
 59294
 58646
 14855
 76437
 33240
 37181
 47993
 68558
 5297
 62756
 88911
 98870
 93724
 37448
 1834
 33976
 69253
 51415
 88297
 52939
 18236
 84672
 3651
 63732
 42547
 60928
 5998
 46608
 3428
 71956
 59094
 51937
 20481
 91400
 43247
 28975
 66860
 40643
 41411
 9523
 75221
 24165
 5488
 88829
 66922
 19337
 2242
 60868
 18015
 51024
 55422
 56753
 52830
 37804
 26686
 39222
 70986
 24133
 62346
 90328
 67351
 63613
 31714
 64652
 61011
 65510
 63598
 19894
 10308
 24285
 80177
 28638
 81974
 60634
 30223
 99367
 48702
 9416
 5490
 87018
 44106
 11348
 73994
 28258
 12017
 94685
 24597
 75597
 51985
 45358
 81163
 95957
 11051
 11290
 72477
 73906
 49701
 53185
 41885
 93971
 62815
 69113
 82805
 52625
 7122
 16269
 65507
 64672
 32248
 90637
 67268
 11587
 22392
 26022
 79300
 50756
 17844
 30845
 71762
 13866
 95128
 99652
 44989
 82687
 74288
 19769
 97387
 40590
 4476
 8148
 90718
 64869
 64601
 66144
 34130
 55338
 1296
 59701
 31784
 71883
 51428
 33232
 35832
 13457
 98579
 21722
 52967
 60156
 58796
 94819
 95967
 9304
 50119
 93331
 94970
 73790
 50000
 50313
 31267
 34647
 77138
 20184
 47858
 95301
 2903
 72995
 92687
 41137
 59540
 80807
 41870
 20616
 38369
 80062
 90530
 76861
 9755
 92172
 8870
 37811
 63196
 72431
 88893
 27111
 35155
 67209
 89655
 66914
 90321
 7476
 3118
 60320
 70624
 2150
 72439
 77850
 4575
 17787
 75335
 5685
 25002
 57323
 710
 39933
 39253
 60866
 34162
 72709
 7491
 18290
 35595
 21706
 59279
 60670
 30535
 64069
 78768
 92217
 53147
 77432
 96024
 69775
 10028
 30976
 33536
 10360
 32675
 73333
 49902
 90974
 10847
 25982
 98784
 80479
 68292
 9164
 25844
 97293
 40500
 94366
 967
 90201
 0
 34211
 11735
 42263
 26722
 62152
 91433
 2355
 79001
 18338
 47519
 44796
 42475
 7202
 67885
 49022
 57608
 4179
 49245
 78041
 57037
 15283
 36234
 67478
 48904
 16128
 63320
 4282
 68149
 72319
 41040
 13705
 50420
 66199
 83964
 89150
 43955
 13828
 40899
 48924
 56785
 63907
 61921
 27644
 44670
 77956
 42875
 86608
 85347
 108
 67393
 41238
 78588
 88700
 15307
 86704
 90122
 96697
 39755
 47002
 67215
 72476
 29771
 87848
 45333
 39961
 57466
 41246
 68960
 93709
 44868
 52473
 62533
 84638
 55992
 88050
 37500
 96302
 51718
 74491
 28034
 36646
 48330
 54420
 33636
 54585
 13857
 49887
 40106
 13842
 66473
 60896
 29880
 15262
 86673
 87264
 55832
 56490
 51012
 79228
 55009
 63138
 52394
 18297
 43155
 